a=0.0005380638598331203
b=-0.00037305027929437245
