snapshot_generated_at,data_limit,source,scope,rank,name,name_normalized,region,territorial_level,risk_score,risk_level,confidence_pct,confidence_label,expressiveness_pct,expressiveness_label,recent_cvli_14d,recent_cvli_30d,historical_cvli,neural_score,tension_score,inclusion_score,calm_penalty,territorial_support_pct,historical_support_pct,live_support_pct,score_z,peer_percentile,dynamic_window_days,base_window_days,historical_fallback,trend,top_driver_1,top_driver_1_strength_pct,top_driver_2,top_driver_2_strength_pct,top_driver_3,top_driver_3_strength_pct,explainability_summary,leitura_rapida_gestor,por_que_importa_gestor,confianca_limites_gestor,expressividade_previsao_gestor,proxima_acao_gestor
2026-05-23T16:59:41,2026-05-20,src/core/orchestrator.py:get_combined_risk,cities_general_top30,1,MARACANAU,MARACANAU,rmf,cidade,85.33,crítico,53.9,muito baixa,97.7,muito alta,0,0,639.0,100.0,100.0,0.0,46.7,100.0,100.0,0.0,3.68,100.0,30,14,True,stable,Sinal neural do ST-GAT,100.0,Tensão territorial,100.0,Fallback histórico ativado,55.0,Sinal neural do ST-GAT: 100.0% | Tensão territorial: 100.0% | Fallback histórico ativado: 55.0%,"MARACANAU aparece na posição 1 de 69, com risco 85.3 e nível crítico; é prioridade imediata de acompanhamento.","O peso principal vem de sinal neural do st-gat, com suporte territorial de 100.0% e 0 registros recentes na janela de 30 dias.",Leitura mais fraca; parte do peso vem de fallback histórico e deve ser confirmada em campo.,O território está bem destacado no ranking frente aos pares.,"Verificar eventos recentes, pressão territorial e coerência com inteligência local antes da próxima atualização do ranking."
2026-05-23T16:59:41,2026-05-20,src/core/orchestrator.py:get_combined_risk,cities_general_top30,2,CAUCAIA,CAUCAIA,rmf,cidade,83.55,crítico,54.1,muito baixa,96.3,muito alta,0,0,637.0,96.4,100.0,0.0,46.7,100.0,100.0,0.0,3.58,98.5,30,14,True,stable,Tensão territorial,100.0,Sinal neural do ST-GAT,96.4,Fallback histórico ativado,55.0,Tensão territorial: 100.0% | Sinal neural do ST-GAT: 96.4% | Fallback histórico ativado: 55.0%,"CAUCAIA aparece na posição 2 de 69, com risco 83.5 e nível crítico; é prioridade imediata de acompanhamento.","O peso principal vem de tensão territorial, com suporte territorial de 100.0% e 0 registros recentes na janela de 30 dias.",Leitura mais fraca; parte do peso vem de fallback histórico e deve ser confirmada em campo.,O território está bem destacado no ranking frente aos pares.,"Verificar eventos recentes, pressão territorial e coerência com inteligência local antes da próxima atualização do ranking."
2026-05-23T16:59:41,2026-05-20,src/core/orchestrator.py:get_combined_risk,cities_general_top30,3,ITAPAJE,ITAPAJE,interior,cidade,78.62,crítico,89.2,alta,94.1,muito alta,2,2,45.0,94.4,100.0,100.0,26.7,100.0,62.5,100.0,3.31,97.1,14,14,False,stable,Atividade recente e vizinhança,100.0,Tensão territorial,100.0,Sinal neural do ST-GAT,94.4,Atividade recente e vizinhança: 100.0% | Tensão territorial: 100.0% | Sinal neural do ST-GAT: 94.4%,"ITAPAJE aparece na posição 3 de 69, com risco 78.6 e nível crítico; é prioridade imediata de acompanhamento.","O peso principal vem de atividade recente e vizinhança, com suporte territorial de 100.0% e 2 registros recentes na janela de 30 dias.",Leitura com boa sustentação dos sinais atuais.,O território está bem destacado no ranking frente aos pares.,"Verificar eventos recentes, pressão territorial e coerência com inteligência local antes da próxima atualização do ranking."
2026-05-23T16:59:41,2026-05-20,src/core/orchestrator.py:get_combined_risk,cities_general_top30,4,VARZEA ALEGRE,VARZEA ALEGRE,interior,cidade,59.75,alto,77.9,moderada,88.2,muito alta,1,1,17.0,100.0,100.0,50.0,30.0,100.0,0.0,100.0,2.25,95.6,14,14,False,stable,Sinal neural do ST-GAT,100.0,Tensão territorial,100.0,Atividade recente e vizinhança,50.0,Sinal neural do ST-GAT: 100.0% | Tensão territorial: 100.0% | Atividade recente e vizinhança: 50.0%,"VARZEA ALEGRE aparece na posição 4 de 69, com risco 59.8 e nível alto; é prioridade imediata de acompanhamento.","O peso principal vem de sinal neural do st-gat, com suporte territorial de 100.0% e 1 registros recentes na janela de 30 dias.","Leitura consistente, mas ainda pede validação operacional pontual.",O território está bem destacado no ranking frente aos pares.,"Verificar eventos recentes, pressão territorial e coerência com inteligência local antes da próxima atualização do ranking."
2026-05-23T16:59:41,2026-05-20,src/core/orchestrator.py:get_combined_risk,cities_general_top30,5,TIANGUA,TIANGUA,interior,cidade,57.42,alto,78.6,moderada,86.7,muito alta,1,1,78.0,88.7,100.0,50.0,23.3,100.0,100.0,100.0,2.12,94.1,14,14,False,stable,Tensão territorial,100.0,Sinal neural do ST-GAT,88.7,Atividade recente e vizinhança,50.0,Tensão territorial: 100.0% | Sinal neural do ST-GAT: 88.7% | Atividade recente e vizinhança: 50.0%,"TIANGUA aparece na posição 5 de 69, com risco 57.4 e nível alto; é prioridade imediata de acompanhamento.","O peso principal vem de tensão territorial, com suporte territorial de 100.0% e 1 registros recentes na janela de 30 dias.","Leitura consistente, mas ainda pede validação operacional pontual.",O território está bem destacado no ranking frente aos pares.,"Verificar eventos recentes, pressão territorial e coerência com inteligência local antes da próxima atualização do ranking."
2026-05-23T16:59:41,2026-05-20,src/core/orchestrator.py:get_combined_risk,cities_general_top30,6,ALTO SANTO,ALTO SANTO,interior,cidade,52.23,alto,78.9,moderada,84.4,alta,1,1,22.0,76.2,100.0,50.0,33.3,100.0,5.0,100.0,1.84,92.6,14,14,False,stable,Tensão territorial,100.0,Sinal neural do ST-GAT,76.2,Atividade recente e vizinhança,50.0,Tensão territorial: 100.0% | Sinal neural do ST-GAT: 76.2% | Atividade recente e vizinhança: 50.0%,"ALTO SANTO aparece na posição 6 de 69, com risco 52.2 e nível alto; é prioridade alta de acompanhamento.","O peso principal vem de tensão territorial, com suporte territorial de 100.0% e 1 registros recentes na janela de 30 dias.","Leitura consistente, mas ainda pede validação operacional pontual.","O território se diferencia do bloco intermediário, mas sem isolamento absoluto.","Verificar eventos recentes, pressão territorial e coerência com inteligência local antes da próxima atualização do ranking."
2026-05-23T16:59:41,2026-05-20,src/core/orchestrator.py:get_combined_risk,cities_general_top30,7,JUAZEIRO DO NORTE,JUAZEIRO DO NORTE,interior,cidade,50.0,moderado,75.9,moderada,82.9,alta,2,2,134.0,0.0,100.0,100.0,46.7,100.0,100.0,100.0,1.71,91.2,14,14,False,stable,Atividade recente e vizinhança,100.0,Tensão territorial,100.0,CVLI recente na janela de 30 dias,40.0,Atividade recente e vizinhança: 100.0% | Tensão territorial: 100.0% | CVLI recente na janela de 30 dias: 40.0%,"JUAZEIRO DO NORTE aparece na posição 7 de 69, com risco 50.0 e nível moderado; é prioridade alta de acompanhamento.","O peso principal vem de atividade recente e vizinhança, com suporte territorial de 100.0% e 2 registros recentes na janela de 30 dias.","Leitura consistente, mas ainda pede validação operacional pontual.","O território se diferencia do bloco intermediário, mas sem isolamento absoluto.","Verificar eventos recentes, pressão territorial e coerência com inteligência local antes da próxima atualização do ranking."
2026-05-23T16:59:41,2026-05-20,src/core/orchestrator.py:get_combined_risk,cities_general_top30,8,CARIRE,CARIRE,interior,cidade,38.84,moderado,76.5,moderada,79.0,alta,1,1,24.0,32.9,100.0,50.0,46.7,100.0,10.0,100.0,1.09,89.7,14,14,False,stable,Tensão territorial,100.0,Atividade recente e vizinhança,50.0,Sinal neural do ST-GAT,32.9,Tensão territorial: 100.0% | Atividade recente e vizinhança: 50.0% | Sinal neural do ST-GAT: 32.9%,"CARIRE aparece na posição 8 de 69, com risco 38.8 e nível moderado; é prioridade alta de acompanhamento.","O peso principal vem de tensão territorial, com suporte territorial de 100.0% e 1 registros recentes na janela de 30 dias.","Leitura consistente, mas ainda pede validação operacional pontual.","O território se diferencia do bloco intermediário, mas sem isolamento absoluto.","Verificar eventos recentes, pressão territorial e coerência com inteligência local antes da próxima atualização do ranking."
2026-05-23T16:59:41,2026-05-20,src/core/orchestrator.py:get_combined_risk,cities_general_top30,9,SOBRAL,SOBRAL,interior,cidade,26.31,baixo,67.7,baixa,74.8,alta,0,0,67.0,60.8,100.0,0.0,46.7,100.0,100.0,0.0,0.39,88.2,14,14,False,stable,Tensão territorial,100.0,Sinal neural do ST-GAT,60.8,Atividade recente e vizinhança,0.0,Tensão territorial: 100.0% | Sinal neural do ST-GAT: 60.8% | Atividade recente e vizinhança: 0.0%,"SOBRAL aparece na posição 9 de 69, com risco 26.3 e nível baixo; é prioridade alta de acompanhamento.","O peso principal vem de tensão territorial, com suporte territorial de 100.0% e 0 registros recentes na janela de 30 dias.",Leitura sensível a ruído; requer conferência adicional antes de decisão forte.,"O território se diferencia do bloco intermediário, mas sem isolamento absoluto.","Verificar eventos recentes, pressão territorial e coerência com inteligência local antes da próxima atualização do ranking."
2026-05-23T16:59:41,2026-05-20,src/core/orchestrator.py:get_combined_risk,cities_general_top30,10,LIMOEIRO DO NORTE,LIMOEIRO DO NORTE,interior,cidade,25.07,baixo,51.9,muito baixa,73.6,alta,0,0,40.0,74.8,50.0,0.0,46.7,50.0,50.0,0.0,0.32,86.8,14,14,False,stable,Sinal neural do ST-GAT,74.8,Tensão territorial,50.0,Atividade recente e vizinhança,0.0,Sinal neural do ST-GAT: 74.8% | Tensão territorial: 50.0% | Atividade recente e vizinhança: 0.0%,"LIMOEIRO DO NORTE aparece na posição 10 de 69, com risco 25.1 e nível baixo; é prioridade alta de acompanhamento.","O peso principal vem de sinal neural do st-gat, com suporte territorial de 50.0% e 0 registros recentes na janela de 30 dias.",Leitura sensível a ruído; requer conferência adicional antes de decisão forte.,"O território se diferencia do bloco intermediário, mas sem isolamento absoluto.","Verificar eventos recentes, pressão territorial e coerência com inteligência local antes da próxima atualização do ranking."
2026-05-23T16:59:41,2026-05-20,src/core/orchestrator.py:get_combined_risk,cities_general_top30,11,IGUATU,IGUATU,interior,cidade,23.12,baixo,67.8,baixa,72.2,alta,0,0,81.0,48.9,100.0,0.0,46.7,100.0,100.0,0.0,0.21,85.3,14,14,False,stable,Tensão territorial,100.0,Sinal neural do ST-GAT,48.9,Atividade recente e vizinhança,0.0,Tensão territorial: 100.0% | Sinal neural do ST-GAT: 48.9% | Atividade recente e vizinhança: 0.0%,"IGUATU aparece na posição 11 de 69, com risco 23.1 e nível baixo; é território de atenção tática.","O peso principal vem de tensão territorial, com suporte territorial de 100.0% e 0 registros recentes na janela de 30 dias.",Leitura sensível a ruído; requer conferência adicional antes de decisão forte.,"O território se diferencia do bloco intermediário, mas sem isolamento absoluto.","Verificar eventos recentes, pressão territorial e coerência com inteligência local antes da próxima atualização do ranking."
2026-05-23T16:59:41,2026-05-20,src/core/orchestrator.py:get_combined_risk,cities_general_top30,12,BATURITE,BATURITE,interior,cidade,23.12,baixo,67.8,baixa,71.3,alta,0,0,64.0,48.9,100.0,0.0,46.7,100.0,100.0,0.0,0.21,83.8,14,14,False,stable,Tensão territorial,100.0,Sinal neural do ST-GAT,48.9,Atividade recente e vizinhança,0.0,Tensão territorial: 100.0% | Sinal neural do ST-GAT: 48.9% | Atividade recente e vizinhança: 0.0%,"BATURITE aparece na posição 12 de 69, com risco 23.1 e nível baixo; é território de atenção tática.","O peso principal vem de tensão territorial, com suporte territorial de 100.0% e 0 registros recentes na janela de 30 dias.",Leitura sensível a ruído; requer conferência adicional antes de decisão forte.,"O território se diferencia do bloco intermediário, mas sem isolamento absoluto.","Verificar eventos recentes, pressão territorial e coerência com inteligência local antes da próxima atualização do ranking."
2026-05-23T16:59:41,2026-05-20,src/core/orchestrator.py:get_combined_risk,cities_general_top30,13,TRAIRI,TRAIRI,rmf,cidade,21.58,baixo,75.2,moderada,70.0,alta,5,5,16.0,23.8,0.0,100.0,3.3,100.0,0.0,100.0,0.13,82.4,30,14,True,stable,Atividade recente e vizinhança,100.0,CVLI recente na janela de 30 dias,100.0,Fallback histórico ativado,55.0,Atividade recente e vizinhança: 100.0% | CVLI recente na janela de 30 dias: 100.0% | Fallback histórico ativado: 55.0%,"TRAIRI aparece na posição 13 de 69, com risco 21.6 e nível baixo; é território de atenção tática.","O peso principal vem de atividade recente e vizinhança, com suporte territorial de 100.0% e 5 registros recentes na janela de 30 dias.","Leitura consistente, mas ainda pede validação operacional pontual.","O território se diferencia do bloco intermediário, mas sem isolamento absoluto.","Verificar eventos recentes, pressão territorial e coerência com inteligência local antes da próxima atualização do ranking."
2026-05-23T16:59:41,2026-05-20,src/core/orchestrator.py:get_combined_risk,cities_general_top30,14,JIJOCA DE JERICOACOARA,JIJOCA DE JERICOACOARA,interior,cidade,20.07,baixo,38.1,muito baixa,68.7,moderada,0,0,18.0,74.8,0.0,0.0,46.7,0.0,0.0,0.0,0.04,80.9,14,14,False,stable,Sinal neural do ST-GAT,74.8,Tensão territorial,0.0,Atividade recente e vizinhança,0.0,Sinal neural do ST-GAT: 74.8% | Tensão territorial: 0.0% | Atividade recente e vizinhança: 0.0%,"JIJOCA DE JERICOACOARA aparece na posição 14 de 69, com risco 20.1 e nível baixo; é território de atenção tática.","O peso principal vem de sinal neural do st-gat, com suporte territorial de 0.0% e 0 registros recentes na janela de 30 dias.",Leitura sensível a ruído; requer conferência adicional antes de decisão forte.,O território está próximo de pares vizinhos e pode oscilar no próximo ciclo.,"Verificar eventos recentes, pressão territorial e coerência com inteligência local antes da próxima atualização do ranking."
2026-05-23T16:59:41,2026-05-20,src/core/orchestrator.py:get_combined_risk,cities_general_top30,15,ACOPIARA,ACOPIARA,interior,cidade,20.07,baixo,38.1,muito baixa,67.8,moderada,0,0,14.0,74.8,0.0,0.0,46.7,0.0,0.0,0.0,0.04,79.4,14,14,False,stable,Sinal neural do ST-GAT,74.8,Tensão territorial,0.0,Atividade recente e vizinhança,0.0,Sinal neural do ST-GAT: 74.8% | Tensão territorial: 0.0% | Atividade recente e vizinhança: 0.0%,"ACOPIARA aparece na posição 15 de 69, com risco 20.1 e nível baixo; é território de atenção tática.","O peso principal vem de sinal neural do st-gat, com suporte territorial de 0.0% e 0 registros recentes na janela de 30 dias.",Leitura sensível a ruído; requer conferência adicional antes de decisão forte.,O território está próximo de pares vizinhos e pode oscilar no próximo ciclo.,"Verificar eventos recentes, pressão territorial e coerência com inteligência local antes da próxima atualização do ranking."
2026-05-23T16:59:41,2026-05-20,src/core/orchestrator.py:get_combined_risk,cities_general_top30,16,SANTANA DO ACARAU,SANTANA DO ACARAU,interior,cidade,20.07,baixo,38.1,muito baixa,66.9,moderada,0,0,9.0,74.8,0.0,0.0,46.7,0.0,0.0,0.0,0.04,77.9,14,14,False,stable,Sinal neural do ST-GAT,74.8,Tensão territorial,0.0,Atividade recente e vizinhança,0.0,Sinal neural do ST-GAT: 74.8% | Tensão territorial: 0.0% | Atividade recente e vizinhança: 0.0%,"SANTANA DO ACARAU aparece na posição 16 de 69, com risco 20.1 e nível baixo; é território de atenção tática.","O peso principal vem de sinal neural do st-gat, com suporte territorial de 0.0% e 0 registros recentes na janela de 30 dias.",Leitura sensível a ruído; requer conferência adicional antes de decisão forte.,O território está próximo de pares vizinhos e pode oscilar no próximo ciclo.,"Verificar eventos recentes, pressão territorial e coerência com inteligência local antes da próxima atualização do ranking."
2026-05-23T16:59:41,2026-05-20,src/core/orchestrator.py:get_combined_risk,cities_general_top30,17,CEDRO,CEDRO,interior,cidade,20.07,baixo,38.1,muito baixa,66.1,moderada,0,0,10.0,74.8,0.0,0.0,46.7,0.0,0.0,0.0,0.04,76.5,14,14,False,stable,Sinal neural do ST-GAT,74.8,Tensão territorial,0.0,Atividade recente e vizinhança,0.0,Sinal neural do ST-GAT: 74.8% | Tensão territorial: 0.0% | Atividade recente e vizinhança: 0.0%,"CEDRO aparece na posição 17 de 69, com risco 20.1 e nível baixo; é território de atenção tática.","O peso principal vem de sinal neural do st-gat, com suporte territorial de 0.0% e 0 registros recentes na janela de 30 dias.",Leitura sensível a ruído; requer conferência adicional antes de decisão forte.,O território está próximo de pares vizinhos e pode oscilar no próximo ciclo.,"Verificar eventos recentes, pressão territorial e coerência com inteligência local antes da próxima atualização do ranking."
2026-05-23T16:59:41,2026-05-20,src/core/orchestrator.py:get_combined_risk,cities_general_top30,18,CRATO,CRATO,interior,cidade,20.07,baixo,38.1,muito baixa,65.2,moderada,0,0,6.0,74.8,0.0,0.0,46.7,0.0,0.0,0.0,0.04,75.0,14,14,False,stable,Sinal neural do ST-GAT,74.8,Tensão territorial,0.0,Atividade recente e vizinhança,0.0,Sinal neural do ST-GAT: 74.8% | Tensão territorial: 0.0% | Atividade recente e vizinhança: 0.0%,"CRATO aparece na posição 18 de 69, com risco 20.1 e nível baixo; é território de atenção tática.","O peso principal vem de sinal neural do st-gat, com suporte territorial de 0.0% e 0 registros recentes na janela de 30 dias.",Leitura sensível a ruído; requer conferência adicional antes de decisão forte.,O território está próximo de pares vizinhos e pode oscilar no próximo ciclo.,"Verificar eventos recentes, pressão territorial e coerência com inteligência local antes da próxima atualização do ranking."
2026-05-23T16:59:41,2026-05-20,src/core/orchestrator.py:get_combined_risk,cities_general_top30,19,GROAIRAS,GROAIRAS,interior,cidade,19.87,baixo,55.2,baixa,64.2,moderada,0,0,47.0,48.9,67.5,0.0,46.7,67.5,67.5,0.0,0.03,73.5,14,14,False,stable,Tensão territorial,67.5,Sinal neural do ST-GAT,48.9,Atividade recente e vizinhança,0.0,Tensão territorial: 67.5% | Sinal neural do ST-GAT: 48.9% | Atividade recente e vizinhança: 0.0%,"GROAIRAS aparece na posição 19 de 69, com risco 19.9 e nível baixo; é território de atenção tática.","O peso principal vem de tensão territorial, com suporte territorial de 67.5% e 0 registros recentes na janela de 30 dias.",Leitura sensível a ruído; requer conferência adicional antes de decisão forte.,O território está próximo de pares vizinhos e pode oscilar no próximo ciclo.,"Verificar eventos recentes, pressão territorial e coerência com inteligência local antes da próxima atualização do ranking."
2026-05-23T16:59:41,2026-05-20,src/core/orchestrator.py:get_combined_risk,cities_general_top30,20,IRACEMA,IRACEMA,interior,cidade,19.6,baixo,37.9,muito baixa,63.3,moderada,0,0,15.0,73.0,0.0,0.0,46.7,0.0,0.0,0.0,0.02,72.1,14,14,False,stable,Sinal neural do ST-GAT,73.0,Tensão territorial,0.0,Atividade recente e vizinhança,0.0,Sinal neural do ST-GAT: 73.0% | Tensão territorial: 0.0% | Atividade recente e vizinhança: 0.0%,"IRACEMA aparece na posição 20 de 69, com risco 19.6 e nível baixo; é território de atenção tática.","O peso principal vem de sinal neural do st-gat, com suporte territorial de 0.0% e 0 registros recentes na janela de 30 dias.",Leitura sensível a ruído; requer conferência adicional antes de decisão forte.,O território está próximo de pares vizinhos e pode oscilar no próximo ciclo.,"Verificar eventos recentes, pressão territorial e coerência com inteligência local antes da próxima atualização do ranking."
2026-05-23T16:59:41,2026-05-20,src/core/orchestrator.py:get_combined_risk,cities_general_top30,21,URUBURETAMA,URUBURETAMA,interior,cidade,19.55,baixo,40.0,muito baixa,62.4,moderada,0,0,23.0,70.1,7.5,0.0,46.7,7.5,7.5,0.0,0.01,70.6,14,14,False,stable,Sinal neural do ST-GAT,70.1,Tensão territorial,7.5,Atividade recente e vizinhança,0.0,Sinal neural do ST-GAT: 70.1% | Tensão territorial: 7.5% | Atividade recente e vizinhança: 0.0%,"URUBURETAMA aparece na posição 21 de 69, com risco 19.6 e nível baixo; é território de atenção tática.","O peso principal vem de sinal neural do st-gat, com suporte territorial de 7.5% e 0 registros recentes na janela de 30 dias.",Leitura sensível a ruído; requer conferência adicional antes de decisão forte.,O território está próximo de pares vizinhos e pode oscilar no próximo ciclo.,"Verificar eventos recentes, pressão territorial e coerência com inteligência local antes da próxima atualização do ranking."
2026-05-23T16:59:41,2026-05-20,src/core/orchestrator.py:get_combined_risk,cities_general_top30,22,OROS,OROS,interior,cidade,18.91,baixo,37.7,muito baixa,61.4,moderada,0,0,13.0,70.5,0.0,0.0,46.7,0.0,0.0,0.0,-0.02,69.1,14,14,False,stable,Sinal neural do ST-GAT,70.5,Tensão territorial,0.0,Atividade recente e vizinhança,0.0,Sinal neural do ST-GAT: 70.5% | Tensão territorial: 0.0% | Atividade recente e vizinhança: 0.0%,"OROS aparece na posição 22 de 69, com risco 18.9 e nível baixo; é território de atenção tática.","O peso principal vem de sinal neural do st-gat, com suporte territorial de 0.0% e 0 registros recentes na janela de 30 dias.",Leitura sensível a ruído; requer conferência adicional antes de decisão forte.,O território está próximo de pares vizinhos e pode oscilar no próximo ciclo.,"Verificar eventos recentes, pressão territorial e coerência com inteligência local antes da próxima atualização do ranking."
2026-05-23T16:59:41,2026-05-20,src/core/orchestrator.py:get_combined_risk,cities_general_top30,23,AURORA,AURORA,interior,cidade,18.89,baixo,37.6,muito baixa,60.4,moderada,0,0,8.0,70.4,0.0,0.0,46.7,0.0,0.0,0.0,-0.02,67.6,14,14,False,stable,Sinal neural do ST-GAT,70.4,Tensão territorial,0.0,Atividade recente e vizinhança,0.0,Sinal neural do ST-GAT: 70.4% | Tensão territorial: 0.0% | Atividade recente e vizinhança: 0.0%,"AURORA aparece na posição 23 de 69, com risco 18.9 e nível baixo; é território de atenção tática.","O peso principal vem de sinal neural do st-gat, com suporte territorial de 0.0% e 0 registros recentes na janela de 30 dias.",Leitura sensível a ruído; requer conferência adicional antes de decisão forte.,O território está próximo de pares vizinhos e pode oscilar no próximo ciclo.,"Verificar eventos recentes, pressão territorial e coerência com inteligência local antes da próxima atualização do ranking."
2026-05-23T16:59:41,2026-05-20,src/core/orchestrator.py:get_combined_risk,cities_general_top30,24,HORIZONTE,HORIZONTE,rmf,cidade,17.41,baixo,43.5,muito baixa,59.2,moderada,0,0,128.0,4.1,0.0,0.0,46.7,100.0,100.0,0.0,-0.11,66.2,30,14,True,stable,Fallback histórico ativado,55.0,Sinal neural do ST-GAT,4.1,Tensão territorial,0.0,Fallback histórico ativado: 55.0% | Sinal neural do ST-GAT: 4.1% | Tensão territorial: 0.0%,"HORIZONTE aparece na posição 24 de 69, com risco 17.4 e nível baixo; é território de atenção tática.","O peso principal vem de fallback histórico ativado, com suporte territorial de 100.0% e 0 registros recentes na janela de 30 dias.",Leitura mais fraca; parte do peso vem de fallback histórico e deve ser confirmada em campo.,O território está próximo de pares vizinhos e pode oscilar no próximo ciclo.,"Verificar eventos recentes, pressão territorial e coerência com inteligência local antes da próxima atualização do ranking."
2026-05-23T16:59:41,2026-05-20,src/core/orchestrator.py:get_combined_risk,cities_general_top30,25,ITAITINGA,ITAITINGA,rmf,cidade,16.79,baixo,35.8,muito baixa,58.1,moderada,0,1,26.0,2.9,0.0,0.0,46.7,50.0,15.0,50.0,-0.14,64.7,30,14,True,stable,Fallback histórico ativado,55.0,CVLI recente na janela de 30 dias,20.0,Sinal neural do ST-GAT,2.9,Fallback histórico ativado: 55.0% | CVLI recente na janela de 30 dias: 20.0% | Sinal neural do ST-GAT: 2.9%,"ITAITINGA aparece na posição 25 de 69, com risco 16.8 e nível baixo; é território de atenção tática.","O peso principal vem de fallback histórico ativado, com suporte territorial de 50.0% e 1 registros recentes na janela de 30 dias.",Leitura mais fraca; parte do peso vem de fallback histórico e deve ser confirmada em campo.,O território está próximo de pares vizinhos e pode oscilar no próximo ciclo.,"Verificar eventos recentes, pressão territorial e coerência com inteligência local antes da próxima atualização do ranking."
2026-05-23T16:59:41,2026-05-20,src/core/orchestrator.py:get_combined_risk,cities_general_top30,26,FORQUILHA,FORQUILHA,interior,cidade,16.31,baixo,36.6,muito baixa,57.1,moderada,0,0,12.0,60.8,0.0,0.0,46.7,0.0,0.0,0.0,-0.17,63.2,14,14,False,stable,Sinal neural do ST-GAT,60.8,Tensão territorial,0.0,Atividade recente e vizinhança,0.0,Sinal neural do ST-GAT: 60.8% | Tensão territorial: 0.0% | Atividade recente e vizinhança: 0.0%,"FORQUILHA aparece na posição 26 de 69, com risco 16.3 e nível baixo; é território de atenção tática.","O peso principal vem de sinal neural do st-gat, com suporte territorial de 0.0% e 0 registros recentes na janela de 30 dias.",Leitura sensível a ruído; requer conferência adicional antes de decisão forte.,O território está próximo de pares vizinhos e pode oscilar no próximo ciclo.,"Verificar eventos recentes, pressão territorial e coerência com inteligência local antes da próxima atualização do ranking."
2026-05-23T16:59:41,2026-05-20,src/core/orchestrator.py:get_combined_risk,cities_general_top30,27,ARATUBA,ARATUBA,interior,cidade,16.12,baixo,43.7,muito baixa,56.2,moderada,0,0,32.0,48.9,30.0,0.0,46.7,30.0,30.0,0.0,-0.18,61.8,14,14,False,stable,Sinal neural do ST-GAT,48.9,Tensão territorial,30.0,Atividade recente e vizinhança,0.0,Sinal neural do ST-GAT: 48.9% | Tensão territorial: 30.0% | Atividade recente e vizinhança: 0.0%,"ARATUBA aparece na posição 27 de 69, com risco 16.1 e nível baixo; é território de atenção tática.","O peso principal vem de sinal neural do st-gat, com suporte territorial de 30.0% e 0 registros recentes na janela de 30 dias.",Leitura sensível a ruído; requer conferência adicional antes de decisão forte.,O território está próximo de pares vizinhos e pode oscilar no próximo ciclo.,"Verificar eventos recentes, pressão territorial e coerência com inteligência local antes da próxima atualização do ranking."
2026-05-23T16:59:41,2026-05-20,src/core/orchestrator.py:get_combined_risk,cities_general_top30,28,PARAIPABA,PARAIPABA,rmf,cidade,15.87,baixo,25.0,muito baixa,55.3,moderada,0,0,31.0,1.1,0.0,0.0,46.7,27.5,27.5,0.0,-0.19,60.3,30,14,True,stable,Fallback histórico ativado,55.0,Sinal neural do ST-GAT,1.1,Tensão territorial,0.0,Fallback histórico ativado: 55.0% | Sinal neural do ST-GAT: 1.1% | Tensão territorial: 0.0%,"PARAIPABA aparece na posição 28 de 69, com risco 15.9 e nível baixo; é território de atenção tática.","O peso principal vem de fallback histórico ativado, com suporte territorial de 27.5% e 0 registros recentes na janela de 30 dias.",Leitura mais fraca; parte do peso vem de fallback histórico e deve ser confirmada em campo.,O território está próximo de pares vizinhos e pode oscilar no próximo ciclo.,"Verificar eventos recentes, pressão territorial e coerência com inteligência local antes da próxima atualização do ranking."
2026-05-23T16:59:41,2026-05-20,src/core/orchestrator.py:get_combined_risk,cities_general_top30,29,EUSEBIO,EUSEBIO,rmf,cidade,15.45,baixo,28.0,muito baixa,54.2,moderada,0,0,36.0,0.2,0.0,0.0,46.7,40.0,40.0,0.0,-0.22,58.8,30,14,True,stable,Fallback histórico ativado,55.0,Sinal neural do ST-GAT,0.2,Tensão territorial,0.0,Fallback histórico ativado: 55.0% | Sinal neural do ST-GAT: 0.2% | Tensão territorial: 0.0%,"EUSEBIO aparece na posição 29 de 69, com risco 15.4 e nível baixo; é território de atenção tática.","O peso principal vem de fallback histórico ativado, com suporte territorial de 40.0% e 0 registros recentes na janela de 30 dias.",Leitura mais fraca; parte do peso vem de fallback histórico e deve ser confirmada em campo.,O território está próximo de pares vizinhos e pode oscilar no próximo ciclo.,"Verificar eventos recentes, pressão territorial e coerência com inteligência local antes da próxima atualização do ranking."
2026-05-23T16:59:41,2026-05-20,src/core/orchestrator.py:get_combined_risk,cities_general_top30,30,PACATUBA,PACATUBA,rmf,cidade,15.45,baixo,41.8,muito baixa,53.4,moderada,0,0,58.0,0.2,0.0,0.0,46.7,95.0,95.0,0.0,-0.22,57.4,30,14,True,stable,Fallback histórico ativado,55.0,Sinal neural do ST-GAT,0.2,Tensão territorial,0.0,Fallback histórico ativado: 55.0% | Sinal neural do ST-GAT: 0.2% | Tensão territorial: 0.0%,"PACATUBA aparece na posição 30 de 69, com risco 15.4 e nível baixo; é território de atenção tática.","O peso principal vem de fallback histórico ativado, com suporte territorial de 95.0% e 0 registros recentes na janela de 30 dias.",Leitura mais fraca; parte do peso vem de fallback histórico e deve ser confirmada em campo.,O território está próximo de pares vizinhos e pode oscilar no próximo ciclo.,"Verificar eventos recentes, pressão territorial e coerência com inteligência local antes da próxima atualização do ranking."
2026-05-23T16:59:41,2026-05-20,src/core/orchestrator.py:get_combined_risk,cities_rmf_top20,1,MARACANAU,MARACANAU,rmf,cidade,85.33,crítico,53.9,muito baixa,93.4,muito alta,0,0,639.0,100.0,100.0,0.0,46.7,100.0,100.0,0.0,2.8,100.0,30,14,True,stable,Sinal neural do ST-GAT,100.0,Tensão territorial,100.0,Fallback histórico ativado,55.0,Sinal neural do ST-GAT: 100.0% | Tensão territorial: 100.0% | Fallback histórico ativado: 55.0%,"MARACANAU aparece na posição 1 de 19, com risco 85.3 e nível crítico; é prioridade imediata de acompanhamento.","O peso principal vem de sinal neural do st-gat, com suporte territorial de 100.0% e 0 registros recentes na janela de 30 dias.",Leitura mais fraca; parte do peso vem de fallback histórico e deve ser confirmada em campo.,O território está bem destacado no ranking frente aos pares.,"Verificar eventos recentes, pressão territorial e coerência com inteligência local antes da próxima atualização do ranking."
2026-05-23T16:59:41,2026-05-20,src/core/orchestrator.py:get_combined_risk,cities_rmf_top20,2,CAUCAIA,CAUCAIA,rmf,cidade,83.55,crítico,54.1,muito baixa,89.7,muito alta,0,0,637.0,96.4,100.0,0.0,46.7,100.0,100.0,0.0,2.72,94.4,30,14,True,stable,Tensão territorial,100.0,Sinal neural do ST-GAT,96.4,Fallback histórico ativado,55.0,Tensão territorial: 100.0% | Sinal neural do ST-GAT: 96.4% | Fallback histórico ativado: 55.0%,"CAUCAIA aparece na posição 2 de 19, com risco 83.5 e nível crítico; é prioridade imediata de acompanhamento.","O peso principal vem de tensão territorial, com suporte territorial de 100.0% e 0 registros recentes na janela de 30 dias.",Leitura mais fraca; parte do peso vem de fallback histórico e deve ser confirmada em campo.,O território está bem destacado no ranking frente aos pares.,"Verificar eventos recentes, pressão territorial e coerência com inteligência local antes da próxima atualização do ranking."
2026-05-23T16:59:41,2026-05-20,src/core/orchestrator.py:get_combined_risk,cities_rmf_top20,3,TRAIRI,TRAIRI,rmf,cidade,21.58,baixo,75.2,moderada,74.3,alta,5,5,16.0,23.8,0.0,100.0,3.3,100.0,0.0,100.0,0.2,88.9,30,14,True,stable,Atividade recente e vizinhança,100.0,CVLI recente na janela de 30 dias,100.0,Fallback histórico ativado,55.0,Atividade recente e vizinhança: 100.0% | CVLI recente na janela de 30 dias: 100.0% | Fallback histórico ativado: 55.0%,"TRAIRI aparece na posição 3 de 19, com risco 21.6 e nível baixo; é prioridade imediata de acompanhamento.","O peso principal vem de atividade recente e vizinhança, com suporte territorial de 100.0% e 5 registros recentes na janela de 30 dias.","Leitura consistente, mas ainda pede validação operacional pontual.","O território se diferencia do bloco intermediário, mas sem isolamento absoluto.","Verificar eventos recentes, pressão territorial e coerência com inteligência local antes da próxima atualização do ranking."
2026-05-23T16:59:41,2026-05-20,src/core/orchestrator.py:get_combined_risk,cities_rmf_top20,4,HORIZONTE,HORIZONTE,rmf,cidade,17.41,baixo,43.5,muito baixa,70.1,alta,0,0,128.0,4.1,0.0,0.0,46.7,100.0,100.0,0.0,0.03,83.3,30,14,True,stable,Fallback histórico ativado,55.0,Sinal neural do ST-GAT,4.1,Tensão territorial,0.0,Fallback histórico ativado: 55.0% | Sinal neural do ST-GAT: 4.1% | Tensão territorial: 0.0%,"HORIZONTE aparece na posição 4 de 19, com risco 17.4 e nível baixo; é prioridade imediata de acompanhamento.","O peso principal vem de fallback histórico ativado, com suporte territorial de 100.0% e 0 registros recentes na janela de 30 dias.",Leitura mais fraca; parte do peso vem de fallback histórico e deve ser confirmada em campo.,"O território se diferencia do bloco intermediário, mas sem isolamento absoluto.","Verificar eventos recentes, pressão territorial e coerência com inteligência local antes da próxima atualização do ranking."
2026-05-23T16:59:41,2026-05-20,src/core/orchestrator.py:get_combined_risk,cities_rmf_top20,5,ITAITINGA,ITAITINGA,rmf,cidade,16.79,baixo,35.8,muito baixa,66.7,moderada,0,1,26.0,2.9,0.0,0.0,46.7,50.0,15.0,50.0,0.0,77.8,30,14,True,stable,Fallback histórico ativado,55.0,CVLI recente na janela de 30 dias,20.0,Sinal neural do ST-GAT,2.9,Fallback histórico ativado: 55.0% | CVLI recente na janela de 30 dias: 20.0% | Sinal neural do ST-GAT: 2.9%,"ITAITINGA aparece na posição 5 de 19, com risco 16.8 e nível baixo; é prioridade imediata de acompanhamento.","O peso principal vem de fallback histórico ativado, com suporte territorial de 50.0% e 1 registros recentes na janela de 30 dias.",Leitura mais fraca; parte do peso vem de fallback histórico e deve ser confirmada em campo.,O território está próximo de pares vizinhos e pode oscilar no próximo ciclo.,"Verificar eventos recentes, pressão territorial e coerência com inteligência local antes da próxima atualização do ranking."
2026-05-23T16:59:41,2026-05-20,src/core/orchestrator.py:get_combined_risk,cities_rmf_top20,6,PARAIPABA,PARAIPABA,rmf,cidade,15.87,baixo,25.0,muito baixa,63.2,moderada,0,0,31.0,1.1,0.0,0.0,46.7,27.5,27.5,0.0,-0.03,72.2,30,14,True,stable,Fallback histórico ativado,55.0,Sinal neural do ST-GAT,1.1,Tensão territorial,0.0,Fallback histórico ativado: 55.0% | Sinal neural do ST-GAT: 1.1% | Tensão territorial: 0.0%,"PARAIPABA aparece na posição 6 de 19, com risco 15.9 e nível baixo; é prioridade alta de acompanhamento.","O peso principal vem de fallback histórico ativado, com suporte territorial de 27.5% e 0 registros recentes na janela de 30 dias.",Leitura mais fraca; parte do peso vem de fallback histórico e deve ser confirmada em campo.,O território está próximo de pares vizinhos e pode oscilar no próximo ciclo.,"Verificar eventos recentes, pressão territorial e coerência com inteligência local antes da próxima atualização do ranking."
2026-05-23T16:59:41,2026-05-20,src/core/orchestrator.py:get_combined_risk,cities_rmf_top20,7,EUSEBIO,EUSEBIO,rmf,cidade,15.45,baixo,28.0,muito baixa,59.8,moderada,0,0,36.0,0.2,0.0,0.0,46.7,40.0,40.0,0.0,-0.05,66.7,30,14,True,stable,Fallback histórico ativado,55.0,Sinal neural do ST-GAT,0.2,Tensão territorial,0.0,Fallback histórico ativado: 55.0% | Sinal neural do ST-GAT: 0.2% | Tensão territorial: 0.0%,"EUSEBIO aparece na posição 7 de 19, com risco 15.4 e nível baixo; é prioridade alta de acompanhamento.","O peso principal vem de fallback histórico ativado, com suporte territorial de 40.0% e 0 registros recentes na janela de 30 dias.",Leitura mais fraca; parte do peso vem de fallback histórico e deve ser confirmada em campo.,O território está próximo de pares vizinhos e pode oscilar no próximo ciclo.,"Verificar eventos recentes, pressão territorial e coerência com inteligência local antes da próxima atualização do ranking."
2026-05-23T16:59:41,2026-05-20,src/core/orchestrator.py:get_combined_risk,cities_rmf_top20,8,PACATUBA,PACATUBA,rmf,cidade,15.45,baixo,41.8,muito baixa,56.4,moderada,0,0,58.0,0.2,0.0,0.0,46.7,95.0,95.0,0.0,-0.05,61.1,30,14,True,stable,Fallback histórico ativado,55.0,Sinal neural do ST-GAT,0.2,Tensão territorial,0.0,Fallback histórico ativado: 55.0% | Sinal neural do ST-GAT: 0.2% | Tensão territorial: 0.0%,"PACATUBA aparece na posição 8 de 19, com risco 15.4 e nível baixo; é prioridade alta de acompanhamento.","O peso principal vem de fallback histórico ativado, com suporte territorial de 95.0% e 0 registros recentes na janela de 30 dias.",Leitura mais fraca; parte do peso vem de fallback histórico e deve ser confirmada em campo.,O território está próximo de pares vizinhos e pode oscilar no próximo ciclo.,"Verificar eventos recentes, pressão territorial e coerência com inteligência local antes da próxima atualização do ranking."
2026-05-23T16:59:41,2026-05-20,src/core/orchestrator.py:get_combined_risk,cities_rmf_top20,9,SAO LUIS DO CURU,SAO LUIS DO CURU,rmf,cidade,15.45,baixo,21.2,muito baixa,53.1,moderada,0,0,25.0,0.2,0.0,0.0,46.7,12.5,12.5,0.0,-0.05,55.6,30,14,True,stable,Fallback histórico ativado,55.0,Sinal neural do ST-GAT,0.2,Tensão territorial,0.0,Fallback histórico ativado: 55.0% | Sinal neural do ST-GAT: 0.2% | Tensão territorial: 0.0%,"SAO LUIS DO CURU aparece na posição 9 de 19, com risco 15.4 e nível baixo; é prioridade alta de acompanhamento.","O peso principal vem de fallback histórico ativado, com suporte territorial de 12.5% e 0 registros recentes na janela de 30 dias.",Leitura mais fraca; parte do peso vem de fallback histórico e deve ser confirmada em campo.,O território está próximo de pares vizinhos e pode oscilar no próximo ciclo.,"Verificar eventos recentes, pressão territorial e coerência com inteligência local antes da próxima atualização do ranking."
2026-05-23T16:59:41,2026-05-20,src/core/orchestrator.py:get_combined_risk,cities_rmf_top20,10,PACAJUS,PACAJUS,rmf,cidade,15.45,baixo,43.0,muito baixa,49.8,baixa,0,0,104.0,0.2,0.0,0.0,46.7,100.0,100.0,0.0,-0.05,50.0,30,14,True,stable,Fallback histórico ativado,55.0,Sinal neural do ST-GAT,0.2,Tensão territorial,0.0,Fallback histórico ativado: 55.0% | Sinal neural do ST-GAT: 0.2% | Tensão territorial: 0.0%,"PACAJUS aparece na posição 10 de 19, com risco 15.4 e nível baixo; é prioridade alta de acompanhamento.","O peso principal vem de fallback histórico ativado, com suporte territorial de 100.0% e 0 registros recentes na janela de 30 dias.",Leitura mais fraca; parte do peso vem de fallback histórico e deve ser confirmada em campo.,O território está próximo de pares vizinhos e pode oscilar no próximo ciclo.,"Verificar eventos recentes, pressão territorial e coerência com inteligência local antes da próxima atualização do ranking."
2026-05-23T16:59:41,2026-05-20,src/core/orchestrator.py:get_combined_risk,cities_rmf_top20,11,PINDORETAMA,PINDORETAMA,rmf,cidade,15.45,baixo,31.8,muito baixa,46.4,baixa,0,0,42.0,0.2,0.0,0.0,46.7,55.0,55.0,0.0,-0.05,44.4,30,14,True,stable,Fallback histórico ativado,55.0,Sinal neural do ST-GAT,0.2,Tensão territorial,0.0,Fallback histórico ativado: 55.0% | Sinal neural do ST-GAT: 0.2% | Tensão territorial: 0.0%,"PINDORETAMA aparece na posição 11 de 19, com risco 15.4 e nível baixo; é território de atenção tática.","O peso principal vem de fallback histórico ativado, com suporte territorial de 55.0% e 0 registros recentes na janela de 30 dias.",Leitura mais fraca; parte do peso vem de fallback histórico e deve ser confirmada em campo.,O território está próximo de pares vizinhos e pode oscilar no próximo ciclo.,"Verificar eventos recentes, pressão territorial e coerência com inteligência local antes da próxima atualização do ranking."
2026-05-23T16:59:41,2026-05-20,src/core/orchestrator.py:get_combined_risk,cities_rmf_top20,12,AQUIRAZ,AQUIRAZ,rmf,cidade,0.0,baixo,18.0,muito baixa,40.1,baixa,0,0,20.0,0.2,0.0,0.0,46.7,0.0,0.0,0.0,-0.68,38.9,30,14,True,stable,Fallback histórico ativado,55.0,Sinal neural do ST-GAT,0.2,Tensão territorial,0.0,Fallback histórico ativado: 55.0% | Sinal neural do ST-GAT: 0.2% | Tensão territorial: 0.0%,"AQUIRAZ aparece na posição 12 de 19, com risco 0.0 e nível baixo; é território de atenção tática.","O peso principal vem de fallback histórico ativado, com suporte territorial de 0.0% e 0 registros recentes na janela de 30 dias.",Leitura mais fraca; parte do peso vem de fallback histórico e deve ser confirmada em campo.,O território está próximo de pares vizinhos e pode oscilar no próximo ciclo.,"Verificar eventos recentes, pressão territorial e coerência com inteligência local antes da próxima atualização do ranking."
2026-05-23T16:59:41,2026-05-20,src/core/orchestrator.py:get_combined_risk,cities_rmf_top20,13,PARACURU,PARACURU,rmf,cidade,0.0,baixo,18.0,muito baixa,36.7,baixa,0,0,19.0,0.0,0.0,0.0,46.7,0.0,0.0,0.0,-0.68,33.3,30,14,True,stable,Fallback histórico ativado,55.0,Sinal neural do ST-GAT,0.0,Tensão territorial,0.0,Fallback histórico ativado: 55.0% | Sinal neural do ST-GAT: 0.0% | Tensão territorial: 0.0%,"PARACURU aparece na posição 13 de 19, com risco 0.0 e nível baixo; é território de atenção tática.","O peso principal vem de fallback histórico ativado, com suporte territorial de 0.0% e 0 registros recentes na janela de 30 dias.",Leitura mais fraca; parte do peso vem de fallback histórico e deve ser confirmada em campo.,O território está próximo de pares vizinhos e pode oscilar no próximo ciclo.,"Verificar eventos recentes, pressão territorial e coerência com inteligência local antes da próxima atualização do ranking."
2026-05-23T16:59:41,2026-05-20,src/core/orchestrator.py:get_combined_risk,cities_rmf_top20,14,MARANGUAPE,MARANGUAPE,rmf,cidade,0.0,baixo,18.0,muito baixa,33.4,baixa,0,0,9.0,0.2,0.0,0.0,46.7,0.0,0.0,0.0,-0.68,27.8,30,14,True,stable,Fallback histórico ativado,55.0,Sinal neural do ST-GAT,0.2,Tensão territorial,0.0,Fallback histórico ativado: 55.0% | Sinal neural do ST-GAT: 0.2% | Tensão territorial: 0.0%,"MARANGUAPE aparece na posição 14 de 19, com risco 0.0 e nível baixo; é território de atenção tática.","O peso principal vem de fallback histórico ativado, com suporte territorial de 0.0% e 0 registros recentes na janela de 30 dias.",Leitura mais fraca; parte do peso vem de fallback histórico e deve ser confirmada em campo.,O território está próximo de pares vizinhos e pode oscilar no próximo ciclo.,"Verificar eventos recentes, pressão territorial e coerência com inteligência local antes da próxima atualização do ranking."
2026-05-23T16:59:41,2026-05-20,src/core/orchestrator.py:get_combined_risk,cities_rmf_top20,15,GUAIUBA,GUAIUBA,rmf,cidade,0.0,baixo,18.0,muito baixa,30.0,baixa,0,0,15.0,0.2,0.0,0.0,46.7,0.0,0.0,0.0,-0.68,22.2,30,14,True,stable,Fallback histórico ativado,55.0,Sinal neural do ST-GAT,0.2,Tensão territorial,0.0,Fallback histórico ativado: 55.0% | Sinal neural do ST-GAT: 0.2% | Tensão territorial: 0.0%,"GUAIUBA aparece na posição 15 de 19, com risco 0.0 e nível baixo; é território de atenção tática.","O peso principal vem de fallback histórico ativado, com suporte territorial de 0.0% e 0 registros recentes na janela de 30 dias.",Leitura mais fraca; parte do peso vem de fallback histórico e deve ser confirmada em campo.,O território está próximo de pares vizinhos e pode oscilar no próximo ciclo.,"Verificar eventos recentes, pressão territorial e coerência com inteligência local antes da próxima atualização do ranking."
2026-05-23T16:59:41,2026-05-20,src/core/orchestrator.py:get_combined_risk,cities_rmf_top20,16,CHOROZINHO,CHOROZINHO,rmf,cidade,0.0,baixo,18.0,muito baixa,26.7,baixa,0,0,15.0,0.2,0.0,0.0,46.7,0.0,0.0,0.0,-0.68,16.7,30,14,True,stable,Fallback histórico ativado,55.0,Sinal neural do ST-GAT,0.2,Tensão territorial,0.0,Fallback histórico ativado: 55.0% | Sinal neural do ST-GAT: 0.2% | Tensão territorial: 0.0%,"CHOROZINHO aparece na posição 16 de 19, com risco 0.0 e nível baixo; é território de atenção tática.","O peso principal vem de fallback histórico ativado, com suporte territorial de 0.0% e 0 registros recentes na janela de 30 dias.",Leitura mais fraca; parte do peso vem de fallback histórico e deve ser confirmada em campo.,O território está próximo de pares vizinhos e pode oscilar no próximo ciclo.,"Verificar eventos recentes, pressão territorial e coerência com inteligência local antes da próxima atualização do ranking."
2026-05-23T16:59:41,2026-05-20,src/core/orchestrator.py:get_combined_risk,cities_rmf_top20,17,CASCAVEL,CASCAVEL,rmf,cidade,0.0,baixo,18.1,muito baixa,23.4,baixa,0,0,2.0,0.5,0.0,0.0,46.7,0.0,0.0,0.0,-0.68,11.1,30,14,True,stable,Fallback histórico ativado,55.0,Sinal neural do ST-GAT,0.5,Tensão territorial,0.0,Fallback histórico ativado: 55.0% | Sinal neural do ST-GAT: 0.5% | Tensão territorial: 0.0%,"CASCAVEL aparece na posição 17 de 19, com risco 0.0 e nível baixo; é território de atenção tática.","O peso principal vem de fallback histórico ativado, com suporte territorial de 0.0% e 0 registros recentes na janela de 30 dias.",Leitura mais fraca; parte do peso vem de fallback histórico e deve ser confirmada em campo.,O território está próximo de pares vizinhos e pode oscilar no próximo ciclo.,"Verificar eventos recentes, pressão territorial e coerência com inteligência local antes da próxima atualização do ranking."
2026-05-23T16:59:41,2026-05-20,src/core/orchestrator.py:get_combined_risk,cities_rmf_top20,18,SAO GONCALO DO AMARANTE,SAO GONCALO DO AMARANTE,rmf,cidade,0.0,baixo,18.0,muito baixa,20.1,baixa,0,0,1.0,0.2,0.0,0.0,46.7,0.0,0.0,0.0,-0.68,5.6,30,14,True,stable,Fallback histórico ativado,55.0,Sinal neural do ST-GAT,0.2,Tensão territorial,0.0,Fallback histórico ativado: 55.0% | Sinal neural do ST-GAT: 0.2% | Tensão territorial: 0.0%,"SAO GONCALO DO AMARANTE aparece na posição 18 de 19, com risco 0.0 e nível baixo; é território de atenção tática.","O peso principal vem de fallback histórico ativado, com suporte territorial de 0.0% e 0 registros recentes na janela de 30 dias.",Leitura mais fraca; parte do peso vem de fallback histórico e deve ser confirmada em campo.,O território está próximo de pares vizinhos e pode oscilar no próximo ciclo.,"Verificar eventos recentes, pressão territorial e coerência com inteligência local antes da próxima atualização do ranking."
2026-05-23T16:59:41,2026-05-20,src/core/orchestrator.py:get_combined_risk,cities_rmf_top20,19,BEBERIBE,BEBERIBE,rmf,cidade,0.0,baixo,18.0,muito baixa,16.7,baixa,0,0,1.0,0.4,0.0,0.0,46.7,0.0,0.0,0.0,-0.68,0.0,30,14,True,stable,Fallback histórico ativado,55.0,Sinal neural do ST-GAT,0.4,Tensão territorial,0.0,Fallback histórico ativado: 55.0% | Sinal neural do ST-GAT: 0.4% | Tensão territorial: 0.0%,"BEBERIBE aparece na posição 19 de 19, com risco 0.0 e nível baixo; é território de atenção tática.","O peso principal vem de fallback histórico ativado, com suporte territorial de 0.0% e 0 registros recentes na janela de 30 dias.",Leitura mais fraca; parte do peso vem de fallback histórico e deve ser confirmada em campo.,O território está próximo de pares vizinhos e pode oscilar no próximo ciclo.,"Verificar eventos recentes, pressão territorial e coerência com inteligência local antes da próxima atualização do ranking."
2026-05-23T16:59:41,2026-05-20,src/core/orchestrator.py:get_combined_risk,cities_interior_top30,1,ITAPAJE,ITAPAJE,interior,cidade,78.62,crítico,89.2,alta,99.3,muito alta,2,2,45.0,94.4,100.0,100.0,26.7,100.0,62.5,100.0,4.01,100.0,14,14,False,stable,Atividade recente e vizinhança,100.0,Tensão territorial,100.0,Sinal neural do ST-GAT,94.4,Atividade recente e vizinhança: 100.0% | Tensão territorial: 100.0% | Sinal neural do ST-GAT: 94.4%,"ITAPAJE aparece na posição 1 de 50, com risco 78.6 e nível crítico; é prioridade imediata de acompanhamento.","O peso principal vem de atividade recente e vizinhança, com suporte territorial de 100.0% e 2 registros recentes na janela de 30 dias.",Leitura com boa sustentação dos sinais atuais.,O território está bem destacado no ranking frente aos pares.,"Verificar eventos recentes, pressão territorial e coerência com inteligência local antes da próxima atualização do ranking."
2026-05-23T16:59:41,2026-05-20,src/core/orchestrator.py:get_combined_risk,cities_interior_top30,2,VARZEA ALEGRE,VARZEA ALEGRE,interior,cidade,59.75,alto,77.9,moderada,91.8,muito alta,1,1,17.0,100.0,100.0,50.0,30.0,100.0,0.0,100.0,2.71,98.0,14,14,False,stable,Sinal neural do ST-GAT,100.0,Tensão territorial,100.0,Atividade recente e vizinhança,50.0,Sinal neural do ST-GAT: 100.0% | Tensão territorial: 100.0% | Atividade recente e vizinhança: 50.0%,"VARZEA ALEGRE aparece na posição 2 de 50, com risco 59.8 e nível alto; é prioridade imediata de acompanhamento.","O peso principal vem de sinal neural do st-gat, com suporte territorial de 100.0% e 1 registros recentes na janela de 30 dias.","Leitura consistente, mas ainda pede validação operacional pontual.",O território está bem destacado no ranking frente aos pares.,"Verificar eventos recentes, pressão territorial e coerência com inteligência local antes da próxima atualização do ranking."
2026-05-23T16:59:41,2026-05-20,src/core/orchestrator.py:get_combined_risk,cities_interior_top30,3,TIANGUA,TIANGUA,interior,cidade,57.42,alto,78.6,moderada,89.8,muito alta,1,1,78.0,88.7,100.0,50.0,23.3,100.0,100.0,100.0,2.55,95.9,14,14,False,stable,Tensão territorial,100.0,Sinal neural do ST-GAT,88.7,Atividade recente e vizinhança,50.0,Tensão territorial: 100.0% | Sinal neural do ST-GAT: 88.7% | Atividade recente e vizinhança: 50.0%,"TIANGUA aparece na posição 3 de 50, com risco 57.4 e nível alto; é prioridade imediata de acompanhamento.","O peso principal vem de tensão territorial, com suporte territorial de 100.0% e 1 registros recentes na janela de 30 dias.","Leitura consistente, mas ainda pede validação operacional pontual.",O território está bem destacado no ranking frente aos pares.,"Verificar eventos recentes, pressão territorial e coerência com inteligência local antes da próxima atualização do ranking."
2026-05-23T16:59:41,2026-05-20,src/core/orchestrator.py:get_combined_risk,cities_interior_top30,4,ALTO SANTO,ALTO SANTO,interior,cidade,52.23,alto,78.9,moderada,86.9,muito alta,1,1,22.0,76.2,100.0,50.0,33.3,100.0,5.0,100.0,2.2,93.9,14,14,False,stable,Tensão territorial,100.0,Sinal neural do ST-GAT,76.2,Atividade recente e vizinhança,50.0,Tensão territorial: 100.0% | Sinal neural do ST-GAT: 76.2% | Atividade recente e vizinhança: 50.0%,"ALTO SANTO aparece na posição 4 de 50, com risco 52.2 e nível alto; é prioridade imediata de acompanhamento.","O peso principal vem de tensão territorial, com suporte territorial de 100.0% e 1 registros recentes na janela de 30 dias.","Leitura consistente, mas ainda pede validação operacional pontual.",O território está bem destacado no ranking frente aos pares.,"Verificar eventos recentes, pressão territorial e coerência com inteligência local antes da próxima atualização do ranking."
2026-05-23T16:59:41,2026-05-20,src/core/orchestrator.py:get_combined_risk,cities_interior_top30,5,JUAZEIRO DO NORTE,JUAZEIRO DO NORTE,interior,cidade,50.0,moderado,75.9,moderada,84.9,alta,2,2,134.0,0.0,100.0,100.0,46.7,100.0,100.0,100.0,2.04,91.8,14,14,False,stable,Atividade recente e vizinhança,100.0,Tensão territorial,100.0,CVLI recente na janela de 30 dias,40.0,Atividade recente e vizinhança: 100.0% | Tensão territorial: 100.0% | CVLI recente na janela de 30 dias: 40.0%,"JUAZEIRO DO NORTE aparece na posição 5 de 50, com risco 50.0 e nível moderado; é prioridade imediata de acompanhamento.","O peso principal vem de atividade recente e vizinhança, com suporte territorial de 100.0% e 2 registros recentes na janela de 30 dias.","Leitura consistente, mas ainda pede validação operacional pontual.","O território se diferencia do bloco intermediário, mas sem isolamento absoluto.","Verificar eventos recentes, pressão territorial e coerência com inteligência local antes da próxima atualização do ranking."
2026-05-23T16:59:41,2026-05-20,src/core/orchestrator.py:get_combined_risk,cities_interior_top30,6,CARIRE,CARIRE,interior,cidade,38.84,moderado,76.5,moderada,80.0,alta,1,1,24.0,32.9,100.0,50.0,46.7,100.0,10.0,100.0,1.28,89.8,14,14,False,stable,Tensão territorial,100.0,Atividade recente e vizinhança,50.0,Sinal neural do ST-GAT,32.9,Tensão territorial: 100.0% | Atividade recente e vizinhança: 50.0% | Sinal neural do ST-GAT: 32.9%,"CARIRE aparece na posição 6 de 50, com risco 38.8 e nível moderado; é prioridade alta de acompanhamento.","O peso principal vem de tensão territorial, com suporte territorial de 100.0% e 1 registros recentes na janela de 30 dias.","Leitura consistente, mas ainda pede validação operacional pontual.","O território se diferencia do bloco intermediário, mas sem isolamento absoluto.","Verificar eventos recentes, pressão territorial e coerência com inteligência local antes da próxima atualização do ranking."
2026-05-23T16:59:41,2026-05-20,src/core/orchestrator.py:get_combined_risk,cities_interior_top30,7,SOBRAL,SOBRAL,interior,cidade,26.31,baixo,67.7,baixa,74.7,alta,0,0,67.0,60.8,100.0,0.0,46.7,100.0,100.0,0.0,0.41,87.8,14,14,False,stable,Tensão territorial,100.0,Sinal neural do ST-GAT,60.8,Atividade recente e vizinhança,0.0,Tensão territorial: 100.0% | Sinal neural do ST-GAT: 60.8% | Atividade recente e vizinhança: 0.0%,"SOBRAL aparece na posição 7 de 50, com risco 26.3 e nível baixo; é prioridade alta de acompanhamento.","O peso principal vem de tensão territorial, com suporte territorial de 100.0% e 0 registros recentes na janela de 30 dias.",Leitura sensível a ruído; requer conferência adicional antes de decisão forte.,"O território se diferencia do bloco intermediário, mas sem isolamento absoluto.","Verificar eventos recentes, pressão territorial e coerência com inteligência local antes da próxima atualização do ranking."
2026-05-23T16:59:41,2026-05-20,src/core/orchestrator.py:get_combined_risk,cities_interior_top30,8,LIMOEIRO DO NORTE,LIMOEIRO DO NORTE,interior,cidade,25.07,baixo,51.9,muito baixa,73.0,alta,0,0,40.0,74.8,50.0,0.0,46.7,50.0,50.0,0.0,0.33,85.7,14,14,False,stable,Sinal neural do ST-GAT,74.8,Tensão territorial,50.0,Atividade recente e vizinhança,0.0,Sinal neural do ST-GAT: 74.8% | Tensão territorial: 50.0% | Atividade recente e vizinhança: 0.0%,"LIMOEIRO DO NORTE aparece na posição 8 de 50, com risco 25.1 e nível baixo; é prioridade alta de acompanhamento.","O peso principal vem de sinal neural do st-gat, com suporte territorial de 50.0% e 0 registros recentes na janela de 30 dias.",Leitura sensível a ruído; requer conferência adicional antes de decisão forte.,"O território se diferencia do bloco intermediário, mas sem isolamento absoluto.","Verificar eventos recentes, pressão territorial e coerência com inteligência local antes da próxima atualização do ranking."
2026-05-23T16:59:41,2026-05-20,src/core/orchestrator.py:get_combined_risk,cities_interior_top30,9,IGUATU,IGUATU,interior,cidade,23.12,baixo,67.8,baixa,71.1,alta,0,0,81.0,48.9,100.0,0.0,46.7,100.0,100.0,0.0,0.19,83.7,14,14,False,stable,Tensão territorial,100.0,Sinal neural do ST-GAT,48.9,Atividade recente e vizinhança,0.0,Tensão territorial: 100.0% | Sinal neural do ST-GAT: 48.9% | Atividade recente e vizinhança: 0.0%,"IGUATU aparece na posição 9 de 50, com risco 23.1 e nível baixo; é prioridade alta de acompanhamento.","O peso principal vem de tensão territorial, com suporte territorial de 100.0% e 0 registros recentes na janela de 30 dias.",Leitura sensível a ruído; requer conferência adicional antes de decisão forte.,"O território se diferencia do bloco intermediário, mas sem isolamento absoluto.","Verificar eventos recentes, pressão territorial e coerência com inteligência local antes da próxima atualização do ranking."
2026-05-23T16:59:41,2026-05-20,src/core/orchestrator.py:get_combined_risk,cities_interior_top30,10,BATURITE,BATURITE,interior,cidade,23.12,baixo,67.8,baixa,69.9,moderada,0,0,64.0,48.9,100.0,0.0,46.7,100.0,100.0,0.0,0.19,81.6,14,14,False,stable,Tensão territorial,100.0,Sinal neural do ST-GAT,48.9,Atividade recente e vizinhança,0.0,Tensão territorial: 100.0% | Sinal neural do ST-GAT: 48.9% | Atividade recente e vizinhança: 0.0%,"BATURITE aparece na posição 10 de 50, com risco 23.1 e nível baixo; é prioridade alta de acompanhamento.","O peso principal vem de tensão territorial, com suporte territorial de 100.0% e 0 registros recentes na janela de 30 dias.",Leitura sensível a ruído; requer conferência adicional antes de decisão forte.,O território está próximo de pares vizinhos e pode oscilar no próximo ciclo.,"Verificar eventos recentes, pressão territorial e coerência com inteligência local antes da próxima atualização do ranking."
2026-05-23T16:59:41,2026-05-20,src/core/orchestrator.py:get_combined_risk,cities_interior_top30,11,JIJOCA DE JERICOACOARA,JIJOCA DE JERICOACOARA,interior,cidade,20.07,baixo,38.1,muito baixa,67.7,moderada,0,0,18.0,74.8,0.0,0.0,46.7,0.0,0.0,0.0,-0.02,79.6,14,14,False,stable,Sinal neural do ST-GAT,74.8,Tensão territorial,0.0,Atividade recente e vizinhança,0.0,Sinal neural do ST-GAT: 74.8% | Tensão territorial: 0.0% | Atividade recente e vizinhança: 0.0%,"JIJOCA DE JERICOACOARA aparece na posição 11 de 50, com risco 20.1 e nível baixo; é território de atenção tática.","O peso principal vem de sinal neural do st-gat, com suporte territorial de 0.0% e 0 registros recentes na janela de 30 dias.",Leitura sensível a ruído; requer conferência adicional antes de decisão forte.,O território está próximo de pares vizinhos e pode oscilar no próximo ciclo.,"Verificar eventos recentes, pressão territorial e coerência com inteligência local antes da próxima atualização do ranking."
2026-05-23T16:59:41,2026-05-20,src/core/orchestrator.py:get_combined_risk,cities_interior_top30,12,ACOPIARA,ACOPIARA,interior,cidade,20.07,baixo,38.1,muito baixa,66.5,moderada,0,0,14.0,74.8,0.0,0.0,46.7,0.0,0.0,0.0,-0.02,77.6,14,14,False,stable,Sinal neural do ST-GAT,74.8,Tensão territorial,0.0,Atividade recente e vizinhança,0.0,Sinal neural do ST-GAT: 74.8% | Tensão territorial: 0.0% | Atividade recente e vizinhança: 0.0%,"ACOPIARA aparece na posição 12 de 50, com risco 20.1 e nível baixo; é território de atenção tática.","O peso principal vem de sinal neural do st-gat, com suporte territorial de 0.0% e 0 registros recentes na janela de 30 dias.",Leitura sensível a ruído; requer conferência adicional antes de decisão forte.,O território está próximo de pares vizinhos e pode oscilar no próximo ciclo.,"Verificar eventos recentes, pressão territorial e coerência com inteligência local antes da próxima atualização do ranking."
2026-05-23T16:59:41,2026-05-20,src/core/orchestrator.py:get_combined_risk,cities_interior_top30,13,SANTANA DO ACARAU,SANTANA DO ACARAU,interior,cidade,20.07,baixo,38.1,muito baixa,65.2,moderada,0,0,9.0,74.8,0.0,0.0,46.7,0.0,0.0,0.0,-0.02,75.5,14,14,False,stable,Sinal neural do ST-GAT,74.8,Tensão territorial,0.0,Atividade recente e vizinhança,0.0,Sinal neural do ST-GAT: 74.8% | Tensão territorial: 0.0% | Atividade recente e vizinhança: 0.0%,"SANTANA DO ACARAU aparece na posição 13 de 50, com risco 20.1 e nível baixo; é território de atenção tática.","O peso principal vem de sinal neural do st-gat, com suporte territorial de 0.0% e 0 registros recentes na janela de 30 dias.",Leitura sensível a ruído; requer conferência adicional antes de decisão forte.,O território está próximo de pares vizinhos e pode oscilar no próximo ciclo.,"Verificar eventos recentes, pressão territorial e coerência com inteligência local antes da próxima atualização do ranking."
2026-05-23T16:59:41,2026-05-20,src/core/orchestrator.py:get_combined_risk,cities_interior_top30,14,CEDRO,CEDRO,interior,cidade,20.07,baixo,38.1,muito baixa,64.0,moderada,0,0,10.0,74.8,0.0,0.0,46.7,0.0,0.0,0.0,-0.02,73.5,14,14,False,stable,Sinal neural do ST-GAT,74.8,Tensão territorial,0.0,Atividade recente e vizinhança,0.0,Sinal neural do ST-GAT: 74.8% | Tensão territorial: 0.0% | Atividade recente e vizinhança: 0.0%,"CEDRO aparece na posição 14 de 50, com risco 20.1 e nível baixo; é território de atenção tática.","O peso principal vem de sinal neural do st-gat, com suporte territorial de 0.0% e 0 registros recentes na janela de 30 dias.",Leitura sensível a ruído; requer conferência adicional antes de decisão forte.,O território está próximo de pares vizinhos e pode oscilar no próximo ciclo.,"Verificar eventos recentes, pressão territorial e coerência com inteligência local antes da próxima atualização do ranking."
2026-05-23T16:59:41,2026-05-20,src/core/orchestrator.py:get_combined_risk,cities_interior_top30,15,CRATO,CRATO,interior,cidade,20.07,baixo,38.1,muito baixa,62.8,moderada,0,0,6.0,74.8,0.0,0.0,46.7,0.0,0.0,0.0,-0.02,71.4,14,14,False,stable,Sinal neural do ST-GAT,74.8,Tensão territorial,0.0,Atividade recente e vizinhança,0.0,Sinal neural do ST-GAT: 74.8% | Tensão territorial: 0.0% | Atividade recente e vizinhança: 0.0%,"CRATO aparece na posição 15 de 50, com risco 20.1 e nível baixo; é território de atenção tática.","O peso principal vem de sinal neural do st-gat, com suporte territorial de 0.0% e 0 registros recentes na janela de 30 dias.",Leitura sensível a ruído; requer conferência adicional antes de decisão forte.,O território está próximo de pares vizinhos e pode oscilar no próximo ciclo.,"Verificar eventos recentes, pressão territorial e coerência com inteligência local antes da próxima atualização do ranking."
2026-05-23T16:59:41,2026-05-20,src/core/orchestrator.py:get_combined_risk,cities_interior_top30,16,GROAIRAS,GROAIRAS,interior,cidade,19.87,baixo,55.2,baixa,61.5,moderada,0,0,47.0,48.9,67.5,0.0,46.7,67.5,67.5,0.0,-0.03,69.4,14,14,False,stable,Tensão territorial,67.5,Sinal neural do ST-GAT,48.9,Atividade recente e vizinhança,0.0,Tensão territorial: 67.5% | Sinal neural do ST-GAT: 48.9% | Atividade recente e vizinhança: 0.0%,"GROAIRAS aparece na posição 16 de 50, com risco 19.9 e nível baixo; é território de atenção tática.","O peso principal vem de tensão territorial, com suporte territorial de 67.5% e 0 registros recentes na janela de 30 dias.",Leitura sensível a ruído; requer conferência adicional antes de decisão forte.,O território está próximo de pares vizinhos e pode oscilar no próximo ciclo.,"Verificar eventos recentes, pressão territorial e coerência com inteligência local antes da próxima atualização do ranking."
2026-05-23T16:59:41,2026-05-20,src/core/orchestrator.py:get_combined_risk,cities_interior_top30,17,IRACEMA,IRACEMA,interior,cidade,19.6,baixo,37.9,muito baixa,60.1,moderada,0,0,15.0,73.0,0.0,0.0,46.7,0.0,0.0,0.0,-0.05,67.3,14,14,False,stable,Sinal neural do ST-GAT,73.0,Tensão territorial,0.0,Atividade recente e vizinhança,0.0,Sinal neural do ST-GAT: 73.0% | Tensão territorial: 0.0% | Atividade recente e vizinhança: 0.0%,"IRACEMA aparece na posição 17 de 50, com risco 19.6 e nível baixo; é território de atenção tática.","O peso principal vem de sinal neural do st-gat, com suporte territorial de 0.0% e 0 registros recentes na janela de 30 dias.",Leitura sensível a ruído; requer conferência adicional antes de decisão forte.,O território está próximo de pares vizinhos e pode oscilar no próximo ciclo.,"Verificar eventos recentes, pressão territorial e coerência com inteligência local antes da próxima atualização do ranking."
2026-05-23T16:59:41,2026-05-20,src/core/orchestrator.py:get_combined_risk,cities_interior_top30,18,URUBURETAMA,URUBURETAMA,interior,cidade,19.55,baixo,40.0,muito baixa,58.9,moderada,0,0,23.0,70.1,7.5,0.0,46.7,7.5,7.5,0.0,-0.05,65.3,14,14,False,stable,Sinal neural do ST-GAT,70.1,Tensão territorial,7.5,Atividade recente e vizinhança,0.0,Sinal neural do ST-GAT: 70.1% | Tensão territorial: 7.5% | Atividade recente e vizinhança: 0.0%,"URUBURETAMA aparece na posição 18 de 50, com risco 19.6 e nível baixo; é território de atenção tática.","O peso principal vem de sinal neural do st-gat, com suporte territorial de 7.5% e 0 registros recentes na janela de 30 dias.",Leitura sensível a ruído; requer conferência adicional antes de decisão forte.,O território está próximo de pares vizinhos e pode oscilar no próximo ciclo.,"Verificar eventos recentes, pressão territorial e coerência com inteligência local antes da próxima atualização do ranking."
2026-05-23T16:59:41,2026-05-20,src/core/orchestrator.py:get_combined_risk,cities_interior_top30,19,OROS,OROS,interior,cidade,18.91,baixo,37.7,muito baixa,57.5,moderada,0,0,13.0,70.5,0.0,0.0,46.7,0.0,0.0,0.0,-0.1,63.3,14,14,False,stable,Sinal neural do ST-GAT,70.5,Tensão territorial,0.0,Atividade recente e vizinhança,0.0,Sinal neural do ST-GAT: 70.5% | Tensão territorial: 0.0% | Atividade recente e vizinhança: 0.0%,"OROS aparece na posição 19 de 50, com risco 18.9 e nível baixo; é território de atenção tática.","O peso principal vem de sinal neural do st-gat, com suporte territorial de 0.0% e 0 registros recentes na janela de 30 dias.",Leitura sensível a ruído; requer conferência adicional antes de decisão forte.,O território está próximo de pares vizinhos e pode oscilar no próximo ciclo.,"Verificar eventos recentes, pressão territorial e coerência com inteligência local antes da próxima atualização do ranking."
2026-05-23T16:59:41,2026-05-20,src/core/orchestrator.py:get_combined_risk,cities_interior_top30,20,AURORA,AURORA,interior,cidade,18.89,baixo,37.6,muito baixa,56.3,moderada,0,0,8.0,70.4,0.0,0.0,46.7,0.0,0.0,0.0,-0.1,61.2,14,14,False,stable,Sinal neural do ST-GAT,70.4,Tensão territorial,0.0,Atividade recente e vizinhança,0.0,Sinal neural do ST-GAT: 70.4% | Tensão territorial: 0.0% | Atividade recente e vizinhança: 0.0%,"AURORA aparece na posição 20 de 50, com risco 18.9 e nível baixo; é território de atenção tática.","O peso principal vem de sinal neural do st-gat, com suporte territorial de 0.0% e 0 registros recentes na janela de 30 dias.",Leitura sensível a ruído; requer conferência adicional antes de decisão forte.,O território está próximo de pares vizinhos e pode oscilar no próximo ciclo.,"Verificar eventos recentes, pressão territorial e coerência com inteligência local antes da próxima atualização do ranking."
2026-05-23T16:59:41,2026-05-20,src/core/orchestrator.py:get_combined_risk,cities_interior_top30,21,FORQUILHA,FORQUILHA,interior,cidade,16.31,baixo,36.6,muito baixa,54.2,moderada,0,0,12.0,60.8,0.0,0.0,46.7,0.0,0.0,0.0,-0.27,59.2,14,14,False,stable,Sinal neural do ST-GAT,60.8,Tensão territorial,0.0,Atividade recente e vizinhança,0.0,Sinal neural do ST-GAT: 60.8% | Tensão territorial: 0.0% | Atividade recente e vizinhança: 0.0%,"FORQUILHA aparece na posição 21 de 50, com risco 16.3 e nível baixo; é território de atenção tática.","O peso principal vem de sinal neural do st-gat, com suporte territorial de 0.0% e 0 registros recentes na janela de 30 dias.",Leitura sensível a ruído; requer conferência adicional antes de decisão forte.,O território está próximo de pares vizinhos e pode oscilar no próximo ciclo.,"Verificar eventos recentes, pressão territorial e coerência com inteligência local antes da próxima atualização do ranking."
2026-05-23T16:59:41,2026-05-20,src/core/orchestrator.py:get_combined_risk,cities_interior_top30,22,ARATUBA,ARATUBA,interior,cidade,16.12,baixo,43.7,muito baixa,52.9,moderada,0,0,32.0,48.9,30.0,0.0,46.7,30.0,30.0,0.0,-0.29,57.1,14,14,False,stable,Sinal neural do ST-GAT,48.9,Tensão territorial,30.0,Atividade recente e vizinhança,0.0,Sinal neural do ST-GAT: 48.9% | Tensão territorial: 30.0% | Atividade recente e vizinhança: 0.0%,"ARATUBA aparece na posição 22 de 50, com risco 16.1 e nível baixo; é território de atenção tática.","O peso principal vem de sinal neural do st-gat, com suporte territorial de 30.0% e 0 registros recentes na janela de 30 dias.",Leitura sensível a ruído; requer conferência adicional antes de decisão forte.,O território está próximo de pares vizinhos e pode oscilar no próximo ciclo.,"Verificar eventos recentes, pressão territorial e coerência com inteligência local antes da próxima atualização do ranking."
2026-05-23T16:59:41,2026-05-20,src/core/orchestrator.py:get_combined_risk,cities_interior_top30,23,VICOSA DO CEARA,VICOSA DO CEARA,interior,cidade,14.87,baixo,40.5,muito baixa,51.3,moderada,0,0,27.0,48.9,17.5,0.0,46.7,17.5,17.5,0.0,-0.37,55.1,14,14,False,stable,Sinal neural do ST-GAT,48.9,Tensão territorial,17.5,Atividade recente e vizinhança,0.0,Sinal neural do ST-GAT: 48.9% | Tensão territorial: 17.5% | Atividade recente e vizinhança: 0.0%,"VICOSA DO CEARA aparece na posição 23 de 50, com risco 14.9 e nível baixo; é território de atenção tática.","O peso principal vem de sinal neural do st-gat, com suporte territorial de 17.5% e 0 registros recentes na janela de 30 dias.",Leitura sensível a ruído; requer conferência adicional antes de decisão forte.,O território está próximo de pares vizinhos e pode oscilar no próximo ciclo.,"Verificar eventos recentes, pressão territorial e coerência com inteligência local antes da próxima atualização do ranking."
2026-05-23T16:59:41,2026-05-20,src/core/orchestrator.py:get_combined_risk,cities_interior_top30,24,NOVA OLINDA,NOVA OLINDA,interior,cidade,13.87,baixo,37.6,muito baixa,49.7,baixa,0,0,23.0,48.9,7.5,0.0,46.7,7.5,7.5,0.0,-0.44,53.1,14,14,False,stable,Sinal neural do ST-GAT,48.9,Tensão territorial,7.5,Atividade recente e vizinhança,0.0,Sinal neural do ST-GAT: 48.9% | Tensão territorial: 7.5% | Atividade recente e vizinhança: 0.0%,"NOVA OLINDA aparece na posição 24 de 50, com risco 13.9 e nível baixo; é território de atenção tática.","O peso principal vem de sinal neural do st-gat, com suporte territorial de 7.5% e 0 registros recentes na janela de 30 dias.",Leitura sensível a ruído; requer conferência adicional antes de decisão forte.,O território está próximo de pares vizinhos e pode oscilar no próximo ciclo.,"Verificar eventos recentes, pressão territorial e coerência com inteligência local antes da próxima atualização do ranking."
2026-05-23T16:59:41,2026-05-20,src/core/orchestrator.py:get_combined_risk,cities_interior_top30,25,MIRAIMA,MIRAIMA,interior,cidade,13.63,baixo,35.5,muito baixa,48.4,baixa,0,0,15.0,50.8,0.0,0.0,46.7,0.0,0.0,0.0,-0.46,51.0,14,14,False,stable,Sinal neural do ST-GAT,50.8,Tensão territorial,0.0,Atividade recente e vizinhança,0.0,Sinal neural do ST-GAT: 50.8% | Tensão territorial: 0.0% | Atividade recente e vizinhança: 0.0%,"MIRAIMA aparece na posição 25 de 50, com risco 13.6 e nível baixo; é território de atenção tática.","O peso principal vem de sinal neural do st-gat, com suporte territorial de 0.0% e 0 registros recentes na janela de 30 dias.",Leitura sensível a ruído; requer conferência adicional antes de decisão forte.,O território está próximo de pares vizinhos e pode oscilar no próximo ciclo.,"Verificar eventos recentes, pressão territorial e coerência com inteligência local antes da próxima atualização do ranking."
2026-05-23T16:59:41,2026-05-20,src/core/orchestrator.py:get_combined_risk,cities_interior_top30,26,CAPISTRANO,CAPISTRANO,interior,cidade,13.37,baixo,36.1,muito baixa,47.1,baixa,0,0,21.0,48.9,2.5,0.0,46.7,2.5,2.5,0.0,-0.48,49.0,14,14,False,stable,Sinal neural do ST-GAT,48.9,Tensão territorial,2.5,Atividade recente e vizinhança,0.0,Sinal neural do ST-GAT: 48.9% | Tensão territorial: 2.5% | Atividade recente e vizinhança: 0.0%,"CAPISTRANO aparece na posição 26 de 50, com risco 13.4 e nível baixo; é território de atenção tática.","O peso principal vem de sinal neural do st-gat, com suporte territorial de 2.5% e 0 registros recentes na janela de 30 dias.",Leitura sensível a ruído; requer conferência adicional antes de decisão forte.,O território está próximo de pares vizinhos e pode oscilar no próximo ciclo.,"Verificar eventos recentes, pressão territorial e coerência com inteligência local antes da próxima atualização do ranking."
2026-05-23T16:59:41,2026-05-20,src/core/orchestrator.py:get_combined_risk,cities_interior_top30,27,GENERAL SAMPAIO,GENERAL SAMPAIO,interior,cidade,13.12,baixo,35.3,muito baixa,45.8,baixa,0,0,14.0,48.9,0.0,0.0,46.7,0.0,0.0,0.0,-0.49,46.9,14,14,False,stable,Sinal neural do ST-GAT,48.9,Tensão territorial,0.0,Atividade recente e vizinhança,0.0,Sinal neural do ST-GAT: 48.9% | Tensão territorial: 0.0% | Atividade recente e vizinhança: 0.0%,"GENERAL SAMPAIO aparece na posição 27 de 50, com risco 13.1 e nível baixo; é território de atenção tática.","O peso principal vem de sinal neural do st-gat, com suporte territorial de 0.0% e 0 registros recentes na janela de 30 dias.",Leitura sensível a ruído; requer conferência adicional antes de decisão forte.,O território está próximo de pares vizinhos e pode oscilar no próximo ciclo.,"Verificar eventos recentes, pressão territorial e coerência com inteligência local antes da próxima atualização do ranking."
2026-05-23T16:59:41,2026-05-20,src/core/orchestrator.py:get_combined_risk,cities_interior_top30,28,GRACA,GRACA,interior,cidade,13.12,baixo,35.3,muito baixa,44.6,baixa,0,0,14.0,48.9,0.0,0.0,46.7,0.0,0.0,0.0,-0.49,44.9,14,14,False,stable,Sinal neural do ST-GAT,48.9,Tensão territorial,0.0,Atividade recente e vizinhança,0.0,Sinal neural do ST-GAT: 48.9% | Tensão territorial: 0.0% | Atividade recente e vizinhança: 0.0%,"GRACA aparece na posição 28 de 50, com risco 13.1 e nível baixo; é território de atenção tática.","O peso principal vem de sinal neural do st-gat, com suporte territorial de 0.0% e 0 registros recentes na janela de 30 dias.",Leitura sensível a ruído; requer conferência adicional antes de decisão forte.,O território está próximo de pares vizinhos e pode oscilar no próximo ciclo.,"Verificar eventos recentes, pressão territorial e coerência com inteligência local antes da próxima atualização do ranking."
2026-05-23T16:59:41,2026-05-20,src/core/orchestrator.py:get_combined_risk,cities_interior_top30,29,CARIRIACU,CARIRIACU,interior,cidade,13.12,baixo,35.3,muito baixa,43.4,baixa,0,0,14.0,48.9,0.0,0.0,46.7,0.0,0.0,0.0,-0.49,42.9,14,14,False,stable,Sinal neural do ST-GAT,48.9,Tensão territorial,0.0,Atividade recente e vizinhança,0.0,Sinal neural do ST-GAT: 48.9% | Tensão territorial: 0.0% | Atividade recente e vizinhança: 0.0%,"CARIRIACU aparece na posição 29 de 50, com risco 13.1 e nível baixo; é território de atenção tática.","O peso principal vem de sinal neural do st-gat, com suporte territorial de 0.0% e 0 registros recentes na janela de 30 dias.",Leitura sensível a ruído; requer conferência adicional antes de decisão forte.,O território está próximo de pares vizinhos e pode oscilar no próximo ciclo.,"Verificar eventos recentes, pressão territorial e coerência com inteligência local antes da próxima atualização do ranking."
2026-05-23T16:59:41,2026-05-20,src/core/orchestrator.py:get_combined_risk,cities_interior_top30,30,ACARAPE,ACARAPE,interior,cidade,13.12,baixo,35.3,muito baixa,42.1,baixa,0,0,11.0,48.9,0.0,0.0,46.7,0.0,0.0,0.0,-0.49,40.8,14,14,False,stable,Sinal neural do ST-GAT,48.9,Tensão territorial,0.0,Atividade recente e vizinhança,0.0,Sinal neural do ST-GAT: 48.9% | Tensão territorial: 0.0% | Atividade recente e vizinhança: 0.0%,"ACARAPE aparece na posição 30 de 50, com risco 13.1 e nível baixo; é território de atenção tática.","O peso principal vem de sinal neural do st-gat, com suporte territorial de 0.0% e 0 registros recentes na janela de 30 dias.",Leitura sensível a ruído; requer conferência adicional antes de decisão forte.,O território está próximo de pares vizinhos e pode oscilar no próximo ciclo.,"Verificar eventos recentes, pressão territorial e coerência com inteligência local antes da próxima atualização do ranking."
2026-05-23T16:59:41,2026-05-20,src/core/orchestrator.py:get_combined_risk,fortaleza_bairros_top30,1,CAJAZEIRAS,CAJAZEIRAS,fortaleza,bairro,78.33,crítico,78.0,moderada,98.6,muito alta,2,2,68.0,100.0,100.0,100.0,16.7,100.0,100.0,100.0,3.88,100.0,14,14,True,stable,Atividade recente e vizinhança,100.0,Sinal neural do ST-GAT,100.0,Tensão territorial,100.0,Atividade recente e vizinhança: 100.0% | Sinal neural do ST-GAT: 100.0% | Tensão territorial: 100.0%,"CAJAZEIRAS aparece na posição 1 de 109, com risco 78.3 e nível crítico; é prioridade imediata de acompanhamento.","O peso principal vem de atividade recente e vizinhança, com suporte territorial de 100.0% e 2 registros recentes na janela de 30 dias.","Leitura consistente, mas ainda pede validação operacional pontual.",O território está bem destacado no ranking frente aos pares.,"Verificar eventos recentes, pressão territorial e coerência com inteligência local antes da próxima atualização do ranking."
2026-05-23T16:59:41,2026-05-20,src/core/orchestrator.py:get_combined_risk,fortaleza_bairros_top30,2,ENGENHEIRO LUCIANO CAVALCANTE,ENGENHEIRO LUCIANO CAVALCANTE,fortaleza,bairro,59.94,alto,66.9,baixa,92.0,muito alta,1,1,21.0,75.9,100.0,50.0,30.0,100.0,2.5,100.0,2.61,99.1,14,14,True,stable,Tensão territorial,100.0,Sinal neural do ST-GAT,75.9,Fallback histórico ativado,55.0,Tensão territorial: 100.0% | Sinal neural do ST-GAT: 75.9% | Fallback histórico ativado: 55.0%,"ENGENHEIRO LUCIANO CAVALCANTE aparece na posição 2 de 109, com risco 59.9 e nível alto; é prioridade imediata de acompanhamento.","O peso principal vem de tensão territorial, com suporte territorial de 100.0% e 1 registros recentes na janela de 30 dias.",Leitura mais fraca; parte do peso vem de fallback histórico e deve ser confirmada em campo.,O território está bem destacado no ranking frente aos pares.,"Verificar eventos recentes, pressão territorial e coerência com inteligência local antes da próxima atualização do ranking."
2026-05-23T16:59:41,2026-05-20,src/core/orchestrator.py:get_combined_risk,fortaleza_bairros_top30,3,BARROSO,BARROSO,fortaleza,bairro,56.22,alto,55.7,baixa,90.2,muito alta,0,0,141.0,41.8,100.0,0.0,46.7,100.0,100.0,0.0,2.36,98.1,14,14,True,stable,Tensão territorial,100.0,Fallback histórico ativado,55.0,Sinal neural do ST-GAT,41.8,Tensão territorial: 100.0% | Fallback histórico ativado: 55.0% | Sinal neural do ST-GAT: 41.8%,"BARROSO aparece na posição 3 de 109, com risco 56.2 e nível alto; é prioridade imediata de acompanhamento.","O peso principal vem de tensão territorial, com suporte territorial de 100.0% e 0 registros recentes na janela de 30 dias.",Leitura mais fraca; parte do peso vem de fallback histórico e deve ser confirmada em campo.,O território está bem destacado no ranking frente aos pares.,"Verificar eventos recentes, pressão territorial e coerência com inteligência local antes da próxima atualização do ranking."
2026-05-23T16:59:41,2026-05-20,src/core/orchestrator.py:get_combined_risk,fortaleza_bairros_top30,4,BARRA DO CEARA,BARRA DO CEARA,fortaleza,bairro,53.61,alto,55.6,baixa,88.8,muito alta,0,0,267.0,36.6,100.0,0.0,46.7,100.0,100.0,0.0,2.18,97.2,14,14,True,stable,Tensão territorial,100.0,Fallback histórico ativado,55.0,Sinal neural do ST-GAT,36.6,Tensão territorial: 100.0% | Fallback histórico ativado: 55.0% | Sinal neural do ST-GAT: 36.6%,"BARRA DO CEARA aparece na posição 4 de 109, com risco 53.6 e nível alto; é prioridade imediata de acompanhamento.","O peso principal vem de tensão territorial, com suporte territorial de 100.0% e 0 registros recentes na janela de 30 dias.",Leitura mais fraca; parte do peso vem de fallback histórico e deve ser confirmada em campo.,O território está bem destacado no ranking frente aos pares.,"Verificar eventos recentes, pressão territorial e coerência com inteligência local antes da próxima atualização do ranking."
2026-05-23T16:59:41,2026-05-20,src/core/orchestrator.py:get_combined_risk,fortaleza_bairros_top30,5,MESSEJANA,MESSEJANA,fortaleza,bairro,53.07,alto,55.6,baixa,88.1,muito alta,0,0,228.0,35.5,100.0,0.0,46.7,100.0,100.0,0.0,2.14,96.3,14,14,True,stable,Tensão territorial,100.0,Fallback histórico ativado,55.0,Sinal neural do ST-GAT,35.5,Tensão territorial: 100.0% | Fallback histórico ativado: 55.0% | Sinal neural do ST-GAT: 35.5%,"MESSEJANA aparece na posição 5 de 109, com risco 53.1 e nível alto; é prioridade imediata de acompanhamento.","O peso principal vem de tensão territorial, com suporte territorial de 100.0% e 0 registros recentes na janela de 30 dias.",Leitura mais fraca; parte do peso vem de fallback histórico e deve ser confirmada em campo.,O território está bem destacado no ranking frente aos pares.,"Verificar eventos recentes, pressão territorial e coerência com inteligência local antes da próxima atualização do ranking."
2026-05-23T16:59:41,2026-05-20,src/core/orchestrator.py:get_combined_risk,fortaleza_bairros_top30,6,QUINTINO CUNHA,QUINTINO CUNHA,fortaleza,bairro,50.99,moderado,55.5,baixa,86.8,muito alta,0,0,133.0,31.3,100.0,0.0,46.7,100.0,100.0,0.0,2.0,95.4,14,14,True,stable,Tensão territorial,100.0,Fallback histórico ativado,55.0,Sinal neural do ST-GAT,31.3,Tensão territorial: 100.0% | Fallback histórico ativado: 55.0% | Sinal neural do ST-GAT: 31.3%,"QUINTINO CUNHA aparece na posição 6 de 109, com risco 51.0 e nível moderado; é prioridade alta de acompanhamento.","O peso principal vem de tensão territorial, com suporte territorial de 100.0% e 0 registros recentes na janela de 30 dias.",Leitura mais fraca; parte do peso vem de fallback histórico e deve ser confirmada em campo.,O território está bem destacado no ranking frente aos pares.,"Verificar eventos recentes, pressão territorial e coerência com inteligência local antes da próxima atualização do ranking."
2026-05-23T16:59:41,2026-05-20,src/core/orchestrator.py:get_combined_risk,fortaleza_bairros_top30,7,CURIO,CURIO,fortaleza,bairro,50.75,moderado,51.2,muito baixa,86.2,muito alta,0,1,51.0,79.8,77.5,0.0,46.7,77.5,77.5,50.0,1.98,94.4,14,14,True,stable,Sinal neural do ST-GAT,79.8,Tensão territorial,77.5,Fallback histórico ativado,55.0,Sinal neural do ST-GAT: 79.8% | Tensão territorial: 77.5% | Fallback histórico ativado: 55.0%,"CURIO aparece na posição 7 de 109, com risco 50.8 e nível moderado; é prioridade alta de acompanhamento.","O peso principal vem de sinal neural do st-gat, com suporte territorial de 77.5% e 1 registros recentes na janela de 30 dias.",Leitura mais fraca; parte do peso vem de fallback histórico e deve ser confirmada em campo.,O território está bem destacado no ranking frente aos pares.,"Verificar eventos recentes, pressão territorial e coerência com inteligência local antes da próxima atualização do ranking."
2026-05-23T16:59:41,2026-05-20,src/core/orchestrator.py:get_combined_risk,fortaleza_bairros_top30,8,SIQUEIRA,SIQUEIRA,fortaleza,bairro,50.62,moderado,60.4,baixa,85.6,muito alta,0,1,180.0,30.6,100.0,0.0,46.7,100.0,100.0,50.0,1.97,93.5,14,14,True,stable,Tensão territorial,100.0,Fallback histórico ativado,55.0,Sinal neural do ST-GAT,30.6,Tensão territorial: 100.0% | Fallback histórico ativado: 55.0% | Sinal neural do ST-GAT: 30.6%,"SIQUEIRA aparece na posição 8 de 109, com risco 50.6 e nível moderado; é prioridade alta de acompanhamento.","O peso principal vem de tensão territorial, com suporte territorial de 100.0% e 1 registros recentes na janela de 30 dias.",Leitura mais fraca; parte do peso vem de fallback histórico e deve ser confirmada em campo.,O território está bem destacado no ranking frente aos pares.,"Verificar eventos recentes, pressão territorial e coerência com inteligência local antes da próxima atualização do ranking."
2026-05-23T16:59:41,2026-05-20,src/core/orchestrator.py:get_combined_risk,fortaleza_bairros_top30,9,JOSE WALTER,JOSE WALTER,fortaleza,bairro,50.41,moderado,55.4,baixa,85.0,muito alta,0,0,204.0,30.2,100.0,0.0,46.7,100.0,100.0,0.0,1.96,92.6,14,14,True,stable,Tensão territorial,100.0,Fallback histórico ativado,55.0,Sinal neural do ST-GAT,30.2,Tensão territorial: 100.0% | Fallback histórico ativado: 55.0% | Sinal neural do ST-GAT: 30.2%,"JOSE WALTER aparece na posição 9 de 109, com risco 50.4 e nível moderado; é prioridade alta de acompanhamento.","O peso principal vem de tensão territorial, com suporte territorial de 100.0% e 0 registros recentes na janela de 30 dias.",Leitura mais fraca; parte do peso vem de fallback histórico e deve ser confirmada em campo.,O território está bem destacado no ranking frente aos pares.,"Verificar eventos recentes, pressão territorial e coerência com inteligência local antes da próxima atualização do ranking."
2026-05-23T16:59:41,2026-05-20,src/core/orchestrator.py:get_combined_risk,fortaleza_bairros_top30,10,GRANJA LISBOA,GRANJA LISBOA,fortaleza,bairro,49.87,moderado,55.4,baixa,84.2,alta,0,0,217.0,29.1,100.0,0.0,46.7,100.0,100.0,0.0,1.92,91.7,14,14,True,stable,Tensão territorial,100.0,Fallback histórico ativado,55.0,Sinal neural do ST-GAT,29.1,Tensão territorial: 100.0% | Fallback histórico ativado: 55.0% | Sinal neural do ST-GAT: 29.1%,"GRANJA LISBOA aparece na posição 10 de 109, com risco 49.9 e nível moderado; é prioridade alta de acompanhamento.","O peso principal vem de tensão territorial, com suporte territorial de 100.0% e 0 registros recentes na janela de 30 dias.",Leitura mais fraca; parte do peso vem de fallback histórico e deve ser confirmada em campo.,"O território se diferencia do bloco intermediário, mas sem isolamento absoluto.","Verificar eventos recentes, pressão territorial e coerência com inteligência local antes da próxima atualização do ranking."
2026-05-23T16:59:41,2026-05-20,src/core/orchestrator.py:get_combined_risk,fortaleza_bairros_top30,11,PASSARE,PASSARE,fortaleza,bairro,48.34,moderado,55.3,baixa,83.1,alta,0,0,130.0,26.0,100.0,0.0,46.7,100.0,100.0,0.0,1.82,90.7,14,14,True,stable,Tensão territorial,100.0,Fallback histórico ativado,55.0,Sinal neural do ST-GAT,26.0,Tensão territorial: 100.0% | Fallback histórico ativado: 55.0% | Sinal neural do ST-GAT: 26.0%,"PASSARE aparece na posição 11 de 109, com risco 48.3 e nível moderado; é território de atenção tática.","O peso principal vem de tensão territorial, com suporte territorial de 100.0% e 0 registros recentes na janela de 30 dias.",Leitura mais fraca; parte do peso vem de fallback histórico e deve ser confirmada em campo.,"O território se diferencia do bloco intermediário, mas sem isolamento absoluto.","Verificar eventos recentes, pressão territorial e coerência com inteligência local antes da próxima atualização do ranking."
2026-05-23T16:59:41,2026-05-20,src/core/orchestrator.py:get_combined_risk,fortaleza_bairros_top30,12,PLANALTO AYRTON SENNA,PLANALTO AYRTON SENNA,fortaleza,bairro,47.73,moderado,55.2,baixa,82.4,alta,0,0,187.0,24.8,100.0,0.0,46.7,100.0,100.0,0.0,1.77,89.8,14,14,True,stable,Tensão territorial,100.0,Fallback histórico ativado,55.0,Sinal neural do ST-GAT,24.8,Tensão territorial: 100.0% | Fallback histórico ativado: 55.0% | Sinal neural do ST-GAT: 24.8%,"PLANALTO AYRTON SENNA aparece na posição 12 de 109, com risco 47.7 e nível moderado; é território de atenção tática.","O peso principal vem de tensão territorial, com suporte territorial de 100.0% e 0 registros recentes na janela de 30 dias.",Leitura mais fraca; parte do peso vem de fallback histórico e deve ser confirmada em campo.,"O território se diferencia do bloco intermediário, mas sem isolamento absoluto.","Verificar eventos recentes, pressão territorial e coerência com inteligência local antes da próxima atualização do ranking."
2026-05-23T16:59:41,2026-05-20,src/core/orchestrator.py:get_combined_risk,fortaleza_bairros_top30,13,MONDUBIM,MONDUBIM,fortaleza,bairro,45.08,moderado,55.0,baixa,81.0,alta,0,0,184.0,19.5,100.0,0.0,46.7,100.0,100.0,0.0,1.59,88.9,14,14,True,stable,Tensão territorial,100.0,Fallback histórico ativado,55.0,Sinal neural do ST-GAT,19.5,Tensão territorial: 100.0% | Fallback histórico ativado: 55.0% | Sinal neural do ST-GAT: 19.5%,"MONDUBIM aparece na posição 13 de 109, com risco 45.1 e nível moderado; é território de atenção tática.","O peso principal vem de tensão territorial, com suporte territorial de 100.0% e 0 registros recentes na janela de 30 dias.",Leitura mais fraca; parte do peso vem de fallback histórico e deve ser confirmada em campo.,"O território se diferencia do bloco intermediário, mas sem isolamento absoluto.","Verificar eventos recentes, pressão territorial e coerência com inteligência local antes da próxima atualização do ranking."
2026-05-23T16:59:41,2026-05-20,src/core/orchestrator.py:get_combined_risk,fortaleza_bairros_top30,14,PARQUE IRACEMA,PARQUE IRACEMA,fortaleza,bairro,39.17,moderado,28.9,muito baixa,78.5,alta,0,0,22.0,85.7,5.0,0.0,46.7,5.0,5.0,0.0,1.18,88.0,14,14,True,stable,Sinal neural do ST-GAT,85.7,Fallback histórico ativado,55.0,Tensão territorial,5.0,Sinal neural do ST-GAT: 85.7% | Fallback histórico ativado: 55.0% | Tensão territorial: 5.0%,"PARQUE IRACEMA aparece na posição 14 de 109, com risco 39.2 e nível moderado; é território de atenção tática.","O peso principal vem de sinal neural do st-gat, com suporte territorial de 5.0% e 0 registros recentes na janela de 30 dias.",Leitura mais fraca; parte do peso vem de fallback histórico e deve ser confirmada em campo.,"O território se diferencia do bloco intermediário, mas sem isolamento absoluto.","Verificar eventos recentes, pressão territorial e coerência com inteligência local antes da próxima atualização do ranking."
2026-05-23T16:59:41,2026-05-20,src/core/orchestrator.py:get_combined_risk,fortaleza_bairros_top30,15,CONJUNTO PALMEIRAS,CONJUNTO PALMEIRAS,fortaleza,bairro,36.9,moderado,64.4,baixa,77.1,alta,1,1,100.0,32.5,100.0,50.0,43.3,100.0,100.0,100.0,1.03,87.0,14,14,True,stable,Tensão territorial,100.0,Fallback histórico ativado,55.0,Atividade recente e vizinhança,50.0,Tensão territorial: 100.0% | Fallback histórico ativado: 55.0% | Atividade recente e vizinhança: 50.0%,"CONJUNTO PALMEIRAS aparece na posição 15 de 109, com risco 36.9 e nível moderado; é território de atenção tática.","O peso principal vem de tensão territorial, com suporte territorial de 100.0% e 1 registros recentes na janela de 30 dias.",Leitura mais fraca; parte do peso vem de fallback histórico e deve ser confirmada em campo.,"O território se diferencia do bloco intermediário, mas sem isolamento absoluto.","Verificar eventos recentes, pressão territorial e coerência com inteligência local antes da próxima atualização do ranking."
2026-05-23T16:59:41,2026-05-20,src/core/orchestrator.py:get_combined_risk,fortaleza_bairros_top30,16,ANCURI,ANCURI,fortaleza,bairro,35.99,moderado,60.7,baixa,76.3,alta,0,1,63.0,41.3,100.0,0.0,46.7,100.0,100.0,50.0,0.96,86.1,14,14,True,stable,Tensão territorial,100.0,Fallback histórico ativado,55.0,Sinal neural do ST-GAT,41.3,Tensão territorial: 100.0% | Fallback histórico ativado: 55.0% | Sinal neural do ST-GAT: 41.3%,"ANCURI aparece na posição 16 de 109, com risco 36.0 e nível moderado; é território de atenção tática.","O peso principal vem de tensão territorial, com suporte territorial de 100.0% e 1 registros recentes na janela de 30 dias.",Leitura mais fraca; parte do peso vem de fallback histórico e deve ser confirmada em campo.,"O território se diferencia do bloco intermediário, mas sem isolamento absoluto.","Verificar eventos recentes, pressão territorial e coerência com inteligência local antes da próxima atualização do ranking."
2026-05-23T16:59:41,2026-05-20,src/core/orchestrator.py:get_combined_risk,fortaleza_bairros_top30,17,PIRAMBU,PIRAMBU,fortaleza,bairro,35.7,moderado,55.7,baixa,75.7,alta,0,0,63.0,40.7,100.0,0.0,46.7,100.0,100.0,0.0,0.94,85.2,14,14,True,stable,Tensão territorial,100.0,Fallback histórico ativado,55.0,Sinal neural do ST-GAT,40.7,Tensão territorial: 100.0% | Fallback histórico ativado: 55.0% | Sinal neural do ST-GAT: 40.7%,"PIRAMBU aparece na posição 17 de 109, com risco 35.7 e nível moderado; é território de atenção tática.","O peso principal vem de tensão territorial, com suporte territorial de 100.0% e 0 registros recentes na janela de 30 dias.",Leitura mais fraca; parte do peso vem de fallback histórico e deve ser confirmada em campo.,"O território se diferencia do bloco intermediário, mas sem isolamento absoluto.","Verificar eventos recentes, pressão territorial e coerência com inteligência local antes da próxima atualização do ranking."
2026-05-23T16:59:41,2026-05-20,src/core/orchestrator.py:get_combined_risk,fortaleza_bairros_top30,18,GRANJA PORTUGAL,GRANJA PORTUGAL,fortaleza,bairro,34.04,moderado,55.6,baixa,74.6,alta,0,0,114.0,37.4,100.0,0.0,46.7,100.0,100.0,0.0,0.83,84.3,14,14,True,stable,Tensão territorial,100.0,Fallback histórico ativado,55.0,Sinal neural do ST-GAT,37.4,Tensão territorial: 100.0% | Fallback histórico ativado: 55.0% | Sinal neural do ST-GAT: 37.4%,"GRANJA PORTUGAL aparece na posição 18 de 109, com risco 34.0 e nível moderado; é território de atenção tática.","O peso principal vem de tensão territorial, com suporte territorial de 100.0% e 0 registros recentes na janela de 30 dias.",Leitura mais fraca; parte do peso vem de fallback histórico e deve ser confirmada em campo.,"O território se diferencia do bloco intermediário, mas sem isolamento absoluto.","Verificar eventos recentes, pressão territorial e coerência com inteligência local antes da próxima atualização do ranking."
2026-05-23T16:59:41,2026-05-20,src/core/orchestrator.py:get_combined_risk,fortaleza_bairros_top30,19,VICENTE PINZON,VICENTE PINZON,fortaleza,bairro,33.21,moderado,55.6,baixa,73.7,alta,0,0,114.0,35.8,100.0,0.0,46.7,100.0,100.0,0.0,0.77,83.3,14,14,True,stable,Tensão territorial,100.0,Fallback histórico ativado,55.0,Sinal neural do ST-GAT,35.8,Tensão territorial: 100.0% | Fallback histórico ativado: 55.0% | Sinal neural do ST-GAT: 35.8%,"VICENTE PINZON aparece na posição 19 de 109, com risco 33.2 e nível moderado; é território de atenção tática.","O peso principal vem de tensão territorial, com suporte territorial de 100.0% e 0 registros recentes na janela de 30 dias.",Leitura mais fraca; parte do peso vem de fallback histórico e deve ser confirmada em campo.,"O território se diferencia do bloco intermediário, mas sem isolamento absoluto.","Verificar eventos recentes, pressão territorial e coerência com inteligência local antes da próxima atualização do ranking."
2026-05-23T16:59:41,2026-05-20,src/core/orchestrator.py:get_combined_risk,fortaleza_bairros_top30,20,LAGOA REDONDA,LAGOA REDONDA,fortaleza,bairro,33.16,moderado,55.6,baixa,73.1,alta,0,0,115.0,35.7,100.0,0.0,46.7,100.0,100.0,0.0,0.77,82.4,14,14,True,stable,Tensão territorial,100.0,Fallback histórico ativado,55.0,Sinal neural do ST-GAT,35.7,Tensão territorial: 100.0% | Fallback histórico ativado: 55.0% | Sinal neural do ST-GAT: 35.7%,"LAGOA REDONDA aparece na posição 20 de 109, com risco 33.2 e nível moderado; é território de atenção tática.","O peso principal vem de tensão territorial, com suporte territorial de 100.0% e 0 registros recentes na janela de 30 dias.",Leitura mais fraca; parte do peso vem de fallback histórico e deve ser confirmada em campo.,"O território se diferencia do bloco intermediário, mas sem isolamento absoluto.","Verificar eventos recentes, pressão territorial e coerência com inteligência local antes da próxima atualização do ranking."
2026-05-23T16:59:41,2026-05-20,src/core/orchestrator.py:get_combined_risk,fortaleza_bairros_top30,21,ANTONIO BEZERRA,ANTONIO BEZERRA,fortaleza,bairro,32.99,moderado,55.6,baixa,72.5,alta,0,0,86.0,35.3,100.0,0.0,46.7,100.0,100.0,0.0,0.76,81.5,14,14,True,stable,Tensão territorial,100.0,Fallback histórico ativado,55.0,Sinal neural do ST-GAT,35.3,Tensão territorial: 100.0% | Fallback histórico ativado: 55.0% | Sinal neural do ST-GAT: 35.3%,"ANTONIO BEZERRA aparece na posição 21 de 109, com risco 33.0 e nível moderado; é território de atenção tática.","O peso principal vem de tensão territorial, com suporte territorial de 100.0% e 0 registros recentes na janela de 30 dias.",Leitura mais fraca; parte do peso vem de fallback histórico e deve ser confirmada em campo.,"O território se diferencia do bloco intermediário, mas sem isolamento absoluto.","Verificar eventos recentes, pressão territorial e coerência com inteligência local antes da próxima atualização do ranking."
2026-05-23T16:59:41,2026-05-20,src/core/orchestrator.py:get_combined_risk,fortaleza_bairros_top30,22,MANOEL SATIRO,MANOEL SATIRO,fortaleza,bairro,32.83,moderado,55.6,baixa,71.9,alta,0,0,86.0,35.0,100.0,0.0,46.7,100.0,100.0,0.0,0.75,80.6,14,14,True,stable,Tensão territorial,100.0,Fallback histórico ativado,55.0,Sinal neural do ST-GAT,35.0,Tensão territorial: 100.0% | Fallback histórico ativado: 55.0% | Sinal neural do ST-GAT: 35.0%,"MANOEL SATIRO aparece na posição 22 de 109, com risco 32.8 e nível moderado; é território de atenção tática.","O peso principal vem de tensão territorial, com suporte territorial de 100.0% e 0 registros recentes na janela de 30 dias.",Leitura mais fraca; parte do peso vem de fallback histórico e deve ser confirmada em campo.,"O território se diferencia do bloco intermediário, mas sem isolamento absoluto.","Verificar eventos recentes, pressão territorial e coerência com inteligência local antes da próxima atualização do ranking."
2026-05-23T16:59:41,2026-05-20,src/core/orchestrator.py:get_combined_risk,fortaleza_bairros_top30,23,BOM JARDIM,BOM JARDIM,fortaleza,bairro,32.19,moderado,55.5,baixa,71.1,alta,0,0,104.0,33.7,100.0,0.0,46.7,100.0,100.0,0.0,0.7,79.6,14,14,True,stable,Tensão territorial,100.0,Fallback histórico ativado,55.0,Sinal neural do ST-GAT,33.7,Tensão territorial: 100.0% | Fallback histórico ativado: 55.0% | Sinal neural do ST-GAT: 33.7%,"BOM JARDIM aparece na posição 23 de 109, com risco 32.2 e nível moderado; é território de atenção tática.","O peso principal vem de tensão territorial, com suporte territorial de 100.0% e 0 registros recentes na janela de 30 dias.",Leitura mais fraca; parte do peso vem de fallback histórico e deve ser confirmada em campo.,"O território se diferencia do bloco intermediário, mas sem isolamento absoluto.","Verificar eventos recentes, pressão territorial e coerência com inteligência local antes da próxima atualização do ranking."
2026-05-23T16:59:41,2026-05-20,src/core/orchestrator.py:get_combined_risk,fortaleza_bairros_top30,24,VILA VELHA,VILA VELHA,fortaleza,bairro,31.56,moderado,55.5,baixa,70.4,alta,0,0,87.0,32.4,100.0,0.0,46.7,100.0,100.0,0.0,0.66,78.7,14,14,True,stable,Tensão territorial,100.0,Fallback histórico ativado,55.0,Sinal neural do ST-GAT,32.4,Tensão territorial: 100.0% | Fallback histórico ativado: 55.0% | Sinal neural do ST-GAT: 32.4%,"VILA VELHA aparece na posição 24 de 109, com risco 31.6 e nível moderado; é território de atenção tática.","O peso principal vem de tensão territorial, com suporte territorial de 100.0% e 0 registros recentes na janela de 30 dias.",Leitura mais fraca; parte do peso vem de fallback histórico e deve ser confirmada em campo.,"O território se diferencia do bloco intermediário, mas sem isolamento absoluto.","Verificar eventos recentes, pressão territorial e coerência com inteligência local antes da próxima atualização do ranking."
2026-05-23T16:59:41,2026-05-20,src/core/orchestrator.py:get_combined_risk,fortaleza_bairros_top30,25,JARDIM DAS OLIVEIRAS,JARDIM DAS OLIVEIRAS,fortaleza,bairro,30.72,baixo,55.5,baixa,69.6,moderada,0,0,100.0,30.8,100.0,0.0,46.7,100.0,100.0,0.0,0.6,77.8,14,14,True,stable,Tensão territorial,100.0,Fallback histórico ativado,55.0,Sinal neural do ST-GAT,30.8,Tensão territorial: 100.0% | Fallback histórico ativado: 55.0% | Sinal neural do ST-GAT: 30.8%,"JARDIM DAS OLIVEIRAS aparece na posição 25 de 109, com risco 30.7 e nível baixo; é território de atenção tática.","O peso principal vem de tensão territorial, com suporte territorial de 100.0% e 0 registros recentes na janela de 30 dias.",Leitura mais fraca; parte do peso vem de fallback histórico e deve ser confirmada em campo.,O território está próximo de pares vizinhos e pode oscilar no próximo ciclo.,"Verificar eventos recentes, pressão territorial e coerência com inteligência local antes da próxima atualização do ranking."
2026-05-23T16:59:41,2026-05-20,src/core/orchestrator.py:get_combined_risk,fortaleza_bairros_top30,26,PICI,PICI,fortaleza,bairro,30.31,baixo,55.4,baixa,68.9,moderada,0,0,108.0,30.0,100.0,0.0,46.7,100.0,100.0,0.0,0.57,76.9,14,14,True,stable,Tensão territorial,100.0,Fallback histórico ativado,55.0,Sinal neural do ST-GAT,30.0,Tensão territorial: 100.0% | Fallback histórico ativado: 55.0% | Sinal neural do ST-GAT: 30.0%,"PICI aparece na posição 26 de 109, com risco 30.3 e nível baixo; é território de atenção tática.","O peso principal vem de tensão territorial, com suporte territorial de 100.0% e 0 registros recentes na janela de 30 dias.",Leitura mais fraca; parte do peso vem de fallback histórico e deve ser confirmada em campo.,O território está próximo de pares vizinhos e pode oscilar no próximo ciclo.,"Verificar eventos recentes, pressão territorial e coerência com inteligência local antes da próxima atualização do ranking."
2026-05-23T16:59:41,2026-05-20,src/core/orchestrator.py:get_combined_risk,fortaleza_bairros_top30,27,JACARECANGA,JACARECANGA,fortaleza,bairro,29.98,baixo,55.4,baixa,68.2,moderada,0,0,61.0,29.3,100.0,0.0,46.7,100.0,100.0,0.0,0.55,75.9,14,14,True,stable,Tensão territorial,100.0,Fallback histórico ativado,55.0,Sinal neural do ST-GAT,29.3,Tensão territorial: 100.0% | Fallback histórico ativado: 55.0% | Sinal neural do ST-GAT: 29.3%,"JACARECANGA aparece na posição 27 de 109, com risco 30.0 e nível baixo; é território de atenção tática.","O peso principal vem de tensão territorial, com suporte territorial de 100.0% e 0 registros recentes na janela de 30 dias.",Leitura mais fraca; parte do peso vem de fallback histórico e deve ser confirmada em campo.,O território está próximo de pares vizinhos e pode oscilar no próximo ciclo.,"Verificar eventos recentes, pressão territorial e coerência com inteligência local antes da próxima atualização do ranking."
2026-05-23T16:59:41,2026-05-20,src/core/orchestrator.py:get_combined_risk,fortaleza_bairros_top30,28,CARLITO PAMPLONA,CARLITO PAMPLONA,fortaleza,bairro,29.74,baixo,55.4,baixa,67.6,moderada,0,0,96.0,28.8,100.0,0.0,46.7,100.0,100.0,0.0,0.53,75.0,14,14,True,stable,Tensão territorial,100.0,Fallback histórico ativado,55.0,Sinal neural do ST-GAT,28.8,Tensão territorial: 100.0% | Fallback histórico ativado: 55.0% | Sinal neural do ST-GAT: 28.8%,"CARLITO PAMPLONA aparece na posição 28 de 109, com risco 29.7 e nível baixo; é território de atenção tática.","O peso principal vem de tensão territorial, com suporte territorial de 100.0% e 0 registros recentes na janela de 30 dias.",Leitura mais fraca; parte do peso vem de fallback histórico e deve ser confirmada em campo.,O território está próximo de pares vizinhos e pode oscilar no próximo ciclo.,"Verificar eventos recentes, pressão territorial e coerência com inteligência local antes da próxima atualização do ranking."
2026-05-23T16:59:41,2026-05-20,src/core/orchestrator.py:get_combined_risk,fortaleza_bairros_top30,29,BONSUCESSO,BONSUCESSO,fortaleza,bairro,29.52,baixo,55.4,baixa,66.9,moderada,0,0,93.0,28.4,100.0,0.0,46.7,100.0,100.0,0.0,0.52,74.1,14,14,True,stable,Tensão territorial,100.0,Fallback histórico ativado,55.0,Sinal neural do ST-GAT,28.4,Tensão territorial: 100.0% | Fallback histórico ativado: 55.0% | Sinal neural do ST-GAT: 28.4%,"BONSUCESSO aparece na posição 29 de 109, com risco 29.5 e nível baixo; é território de atenção tática.","O peso principal vem de tensão territorial, com suporte territorial de 100.0% e 0 registros recentes na janela de 30 dias.",Leitura mais fraca; parte do peso vem de fallback histórico e deve ser confirmada em campo.,O território está próximo de pares vizinhos e pode oscilar no próximo ciclo.,"Verificar eventos recentes, pressão territorial e coerência com inteligência local antes da próxima atualização do ranking."
2026-05-23T16:59:41,2026-05-20,src/core/orchestrator.py:get_combined_risk,fortaleza_bairros_top30,30,GENIBAU,GENIBAU,fortaleza,bairro,28.89,baixo,50.0,muito baixa,66.1,moderada,0,0,54.0,33.1,85.0,0.0,46.7,85.0,85.0,0.0,0.47,73.1,14,14,True,stable,Tensão territorial,85.0,Fallback histórico ativado,55.0,Sinal neural do ST-GAT,33.1,Tensão territorial: 85.0% | Fallback histórico ativado: 55.0% | Sinal neural do ST-GAT: 33.1%,"GENIBAU aparece na posição 30 de 109, com risco 28.9 e nível baixo; é território de atenção tática.","O peso principal vem de tensão territorial, com suporte territorial de 85.0% e 0 registros recentes na janela de 30 dias.",Leitura mais fraca; parte do peso vem de fallback histórico e deve ser confirmada em campo.,O território está próximo de pares vizinhos e pode oscilar no próximo ciclo.,"Verificar eventos recentes, pressão territorial e coerência com inteligência local antes da próxima atualização do ranking."
