snapshot_generated_at,data_limit,source,scope,rank,name,name_normalized,region,territorial_level,risk_score,risk_level,confidence_pct,confidence_label,expressiveness_pct,expressiveness_label,recent_cvli_14d,recent_cvli_30d,historical_cvli,neural_score,tension_score,inclusion_score,calm_penalty,territorial_support_pct,historical_support_pct,live_support_pct,score_z,peer_percentile,dynamic_window_days,base_window_days,historical_fallback,trend,top_driver_1,top_driver_1_strength_pct,top_driver_2,top_driver_2_strength_pct,top_driver_3,top_driver_3_strength_pct,explainability_summary,leitura_rapida_gestor,por_que_importa_gestor,confianca_limites_gestor,expressividade_previsao_gestor,proxima_acao_gestor
2026-05-23T17:19:30,2026-05-20,src/core/orchestrator.py:get_combined_risk,fortaleza_bairros_top30,1,CAJAZEIRAS,CAJAZEIRAS,fortaleza,bairro,78.33,crítico,78.0,moderada,98.6,muito alta,2,2,68.0,100.0,100.0,100.0,16.7,100.0,100.0,100.0,3.88,100.0,14,14,True,stable,Atividade recente e vizinhança,100.0,Sinal neural do ST-GAT,100.0,Tensão territorial,100.0,Atividade recente e vizinhança: 100.0% | Sinal neural do ST-GAT: 100.0% | Tensão territorial: 100.0%,"CAJAZEIRAS aparece na posição 1 de 109, com risco 78.3 e nível crítico; é prioridade imediata de acompanhamento.","O peso principal vem de atividade recente e vizinhança, com suporte territorial de 100.0% e 2 registros recentes na janela de 30 dias.","Leitura consistente, mas ainda pede validação operacional pontual.",O território está bem destacado no ranking frente aos pares.,"Verificar eventos recentes, pressão territorial e coerência com inteligência local antes da próxima atualização do ranking."
2026-05-23T17:19:30,2026-05-20,src/core/orchestrator.py:get_combined_risk,fortaleza_bairros_top30,2,ENGENHEIRO LUCIANO CAVALCANTE,ENGENHEIRO LUCIANO CAVALCANTE,fortaleza,bairro,59.94,alto,66.9,baixa,92.0,muito alta,1,1,21.0,75.9,100.0,50.0,30.0,100.0,2.5,100.0,2.61,99.1,14,14,True,stable,Tensão territorial,100.0,Sinal neural do ST-GAT,75.9,Fallback histórico ativado,55.0,Tensão territorial: 100.0% | Sinal neural do ST-GAT: 75.9% | Fallback histórico ativado: 55.0%,"ENGENHEIRO LUCIANO CAVALCANTE aparece na posição 2 de 109, com risco 59.9 e nível alto; é prioridade imediata de acompanhamento.","O peso principal vem de tensão territorial, com suporte territorial de 100.0% e 1 registros recentes na janela de 30 dias.",Leitura mais fraca; parte do peso vem de fallback histórico e deve ser confirmada em campo.,O território está bem destacado no ranking frente aos pares.,"Verificar eventos recentes, pressão territorial e coerência com inteligência local antes da próxima atualização do ranking."
2026-05-23T17:19:30,2026-05-20,src/core/orchestrator.py:get_combined_risk,fortaleza_bairros_top30,3,BARROSO,BARROSO,fortaleza,bairro,56.22,alto,55.7,baixa,90.2,muito alta,0,0,141.0,41.8,100.0,0.0,46.7,100.0,100.0,0.0,2.36,98.1,14,14,True,stable,Tensão territorial,100.0,Fallback histórico ativado,55.0,Sinal neural do ST-GAT,41.8,Tensão territorial: 100.0% | Fallback histórico ativado: 55.0% | Sinal neural do ST-GAT: 41.8%,"BARROSO aparece na posição 3 de 109, com risco 56.2 e nível alto; é prioridade imediata de acompanhamento.","O peso principal vem de tensão territorial, com suporte territorial de 100.0% e 0 registros recentes na janela de 30 dias.",Leitura mais fraca; parte do peso vem de fallback histórico e deve ser confirmada em campo.,O território está bem destacado no ranking frente aos pares.,"Verificar eventos recentes, pressão territorial e coerência com inteligência local antes da próxima atualização do ranking."
2026-05-23T17:19:30,2026-05-20,src/core/orchestrator.py:get_combined_risk,fortaleza_bairros_top30,4,BARRA DO CEARA,BARRA DO CEARA,fortaleza,bairro,53.61,alto,55.6,baixa,88.8,muito alta,0,0,267.0,36.6,100.0,0.0,46.7,100.0,100.0,0.0,2.18,97.2,14,14,True,stable,Tensão territorial,100.0,Fallback histórico ativado,55.0,Sinal neural do ST-GAT,36.6,Tensão territorial: 100.0% | Fallback histórico ativado: 55.0% | Sinal neural do ST-GAT: 36.6%,"BARRA DO CEARA aparece na posição 4 de 109, com risco 53.6 e nível alto; é prioridade imediata de acompanhamento.","O peso principal vem de tensão territorial, com suporte territorial de 100.0% e 0 registros recentes na janela de 30 dias.",Leitura mais fraca; parte do peso vem de fallback histórico e deve ser confirmada em campo.,O território está bem destacado no ranking frente aos pares.,"Verificar eventos recentes, pressão territorial e coerência com inteligência local antes da próxima atualização do ranking."
2026-05-23T17:19:30,2026-05-20,src/core/orchestrator.py:get_combined_risk,fortaleza_bairros_top30,5,MESSEJANA,MESSEJANA,fortaleza,bairro,53.07,alto,55.6,baixa,88.1,muito alta,0,0,228.0,35.5,100.0,0.0,46.7,100.0,100.0,0.0,2.14,96.3,14,14,True,stable,Tensão territorial,100.0,Fallback histórico ativado,55.0,Sinal neural do ST-GAT,35.5,Tensão territorial: 100.0% | Fallback histórico ativado: 55.0% | Sinal neural do ST-GAT: 35.5%,"MESSEJANA aparece na posição 5 de 109, com risco 53.1 e nível alto; é prioridade imediata de acompanhamento.","O peso principal vem de tensão territorial, com suporte territorial de 100.0% e 0 registros recentes na janela de 30 dias.",Leitura mais fraca; parte do peso vem de fallback histórico e deve ser confirmada em campo.,O território está bem destacado no ranking frente aos pares.,"Verificar eventos recentes, pressão territorial e coerência com inteligência local antes da próxima atualização do ranking."
2026-05-23T17:19:30,2026-05-20,src/core/orchestrator.py:get_combined_risk,fortaleza_bairros_top30,6,QUINTINO CUNHA,QUINTINO CUNHA,fortaleza,bairro,50.99,moderado,55.5,baixa,86.8,muito alta,0,0,133.0,31.3,100.0,0.0,46.7,100.0,100.0,0.0,2.0,95.4,14,14,True,stable,Tensão territorial,100.0,Fallback histórico ativado,55.0,Sinal neural do ST-GAT,31.3,Tensão territorial: 100.0% | Fallback histórico ativado: 55.0% | Sinal neural do ST-GAT: 31.3%,"QUINTINO CUNHA aparece na posição 6 de 109, com risco 51.0 e nível moderado; é prioridade alta de acompanhamento.","O peso principal vem de tensão territorial, com suporte territorial de 100.0% e 0 registros recentes na janela de 30 dias.",Leitura mais fraca; parte do peso vem de fallback histórico e deve ser confirmada em campo.,O território está bem destacado no ranking frente aos pares.,"Verificar eventos recentes, pressão territorial e coerência com inteligência local antes da próxima atualização do ranking."
2026-05-23T17:19:30,2026-05-20,src/core/orchestrator.py:get_combined_risk,fortaleza_bairros_top30,7,CURIO,CURIO,fortaleza,bairro,50.75,moderado,51.2,muito baixa,86.2,muito alta,0,1,51.0,79.8,77.5,0.0,46.7,77.5,77.5,50.0,1.98,94.4,14,14,True,stable,Sinal neural do ST-GAT,79.8,Tensão territorial,77.5,Fallback histórico ativado,55.0,Sinal neural do ST-GAT: 79.8% | Tensão territorial: 77.5% | Fallback histórico ativado: 55.0%,"CURIO aparece na posição 7 de 109, com risco 50.8 e nível moderado; é prioridade alta de acompanhamento.","O peso principal vem de sinal neural do st-gat, com suporte territorial de 77.5% e 1 registros recentes na janela de 30 dias.",Leitura mais fraca; parte do peso vem de fallback histórico e deve ser confirmada em campo.,O território está bem destacado no ranking frente aos pares.,"Verificar eventos recentes, pressão territorial e coerência com inteligência local antes da próxima atualização do ranking."
2026-05-23T17:19:30,2026-05-20,src/core/orchestrator.py:get_combined_risk,fortaleza_bairros_top30,8,SIQUEIRA,SIQUEIRA,fortaleza,bairro,50.62,moderado,60.4,baixa,85.6,muito alta,0,1,180.0,30.6,100.0,0.0,46.7,100.0,100.0,50.0,1.97,93.5,14,14,True,stable,Tensão territorial,100.0,Fallback histórico ativado,55.0,Sinal neural do ST-GAT,30.6,Tensão territorial: 100.0% | Fallback histórico ativado: 55.0% | Sinal neural do ST-GAT: 30.6%,"SIQUEIRA aparece na posição 8 de 109, com risco 50.6 e nível moderado; é prioridade alta de acompanhamento.","O peso principal vem de tensão territorial, com suporte territorial de 100.0% e 1 registros recentes na janela de 30 dias.",Leitura mais fraca; parte do peso vem de fallback histórico e deve ser confirmada em campo.,O território está bem destacado no ranking frente aos pares.,"Verificar eventos recentes, pressão territorial e coerência com inteligência local antes da próxima atualização do ranking."
2026-05-23T17:19:30,2026-05-20,src/core/orchestrator.py:get_combined_risk,fortaleza_bairros_top30,9,JOSE WALTER,JOSE WALTER,fortaleza,bairro,50.41,moderado,55.4,baixa,85.0,muito alta,0,0,204.0,30.2,100.0,0.0,46.7,100.0,100.0,0.0,1.96,92.6,14,14,True,stable,Tensão territorial,100.0,Fallback histórico ativado,55.0,Sinal neural do ST-GAT,30.2,Tensão territorial: 100.0% | Fallback histórico ativado: 55.0% | Sinal neural do ST-GAT: 30.2%,"JOSE WALTER aparece na posição 9 de 109, com risco 50.4 e nível moderado; é prioridade alta de acompanhamento.","O peso principal vem de tensão territorial, com suporte territorial de 100.0% e 0 registros recentes na janela de 30 dias.",Leitura mais fraca; parte do peso vem de fallback histórico e deve ser confirmada em campo.,O território está bem destacado no ranking frente aos pares.,"Verificar eventos recentes, pressão territorial e coerência com inteligência local antes da próxima atualização do ranking."
2026-05-23T17:19:30,2026-05-20,src/core/orchestrator.py:get_combined_risk,fortaleza_bairros_top30,10,GRANJA LISBOA,GRANJA LISBOA,fortaleza,bairro,49.87,moderado,55.4,baixa,84.2,alta,0,0,217.0,29.1,100.0,0.0,46.7,100.0,100.0,0.0,1.92,91.7,14,14,True,stable,Tensão territorial,100.0,Fallback histórico ativado,55.0,Sinal neural do ST-GAT,29.1,Tensão territorial: 100.0% | Fallback histórico ativado: 55.0% | Sinal neural do ST-GAT: 29.1%,"GRANJA LISBOA aparece na posição 10 de 109, com risco 49.9 e nível moderado; é prioridade alta de acompanhamento.","O peso principal vem de tensão territorial, com suporte territorial de 100.0% e 0 registros recentes na janela de 30 dias.",Leitura mais fraca; parte do peso vem de fallback histórico e deve ser confirmada em campo.,"O território se diferencia do bloco intermediário, mas sem isolamento absoluto.","Verificar eventos recentes, pressão territorial e coerência com inteligência local antes da próxima atualização do ranking."
2026-05-23T17:19:30,2026-05-20,src/core/orchestrator.py:get_combined_risk,fortaleza_bairros_top30,11,PASSARE,PASSARE,fortaleza,bairro,48.34,moderado,55.3,baixa,83.1,alta,0,0,130.0,26.0,100.0,0.0,46.7,100.0,100.0,0.0,1.82,90.7,14,14,True,stable,Tensão territorial,100.0,Fallback histórico ativado,55.0,Sinal neural do ST-GAT,26.0,Tensão territorial: 100.0% | Fallback histórico ativado: 55.0% | Sinal neural do ST-GAT: 26.0%,"PASSARE aparece na posição 11 de 109, com risco 48.3 e nível moderado; é território de atenção tática.","O peso principal vem de tensão territorial, com suporte territorial de 100.0% e 0 registros recentes na janela de 30 dias.",Leitura mais fraca; parte do peso vem de fallback histórico e deve ser confirmada em campo.,"O território se diferencia do bloco intermediário, mas sem isolamento absoluto.","Verificar eventos recentes, pressão territorial e coerência com inteligência local antes da próxima atualização do ranking."
2026-05-23T17:19:30,2026-05-20,src/core/orchestrator.py:get_combined_risk,fortaleza_bairros_top30,12,PLANALTO AYRTON SENNA,PLANALTO AYRTON SENNA,fortaleza,bairro,47.73,moderado,55.2,baixa,82.4,alta,0,0,187.0,24.8,100.0,0.0,46.7,100.0,100.0,0.0,1.77,89.8,14,14,True,stable,Tensão territorial,100.0,Fallback histórico ativado,55.0,Sinal neural do ST-GAT,24.8,Tensão territorial: 100.0% | Fallback histórico ativado: 55.0% | Sinal neural do ST-GAT: 24.8%,"PLANALTO AYRTON SENNA aparece na posição 12 de 109, com risco 47.7 e nível moderado; é território de atenção tática.","O peso principal vem de tensão territorial, com suporte territorial de 100.0% e 0 registros recentes na janela de 30 dias.",Leitura mais fraca; parte do peso vem de fallback histórico e deve ser confirmada em campo.,"O território se diferencia do bloco intermediário, mas sem isolamento absoluto.","Verificar eventos recentes, pressão territorial e coerência com inteligência local antes da próxima atualização do ranking."
2026-05-23T17:19:30,2026-05-20,src/core/orchestrator.py:get_combined_risk,fortaleza_bairros_top30,13,MONDUBIM,MONDUBIM,fortaleza,bairro,45.08,moderado,55.0,baixa,81.0,alta,0,0,184.0,19.5,100.0,0.0,46.7,100.0,100.0,0.0,1.59,88.9,14,14,True,stable,Tensão territorial,100.0,Fallback histórico ativado,55.0,Sinal neural do ST-GAT,19.5,Tensão territorial: 100.0% | Fallback histórico ativado: 55.0% | Sinal neural do ST-GAT: 19.5%,"MONDUBIM aparece na posição 13 de 109, com risco 45.1 e nível moderado; é território de atenção tática.","O peso principal vem de tensão territorial, com suporte territorial de 100.0% e 0 registros recentes na janela de 30 dias.",Leitura mais fraca; parte do peso vem de fallback histórico e deve ser confirmada em campo.,"O território se diferencia do bloco intermediário, mas sem isolamento absoluto.","Verificar eventos recentes, pressão territorial e coerência com inteligência local antes da próxima atualização do ranking."
2026-05-23T17:19:30,2026-05-20,src/core/orchestrator.py:get_combined_risk,fortaleza_bairros_top30,14,PARQUE IRACEMA,PARQUE IRACEMA,fortaleza,bairro,39.17,moderado,28.9,muito baixa,78.5,alta,0,0,22.0,85.7,5.0,0.0,46.7,5.0,5.0,0.0,1.18,88.0,14,14,True,stable,Sinal neural do ST-GAT,85.7,Fallback histórico ativado,55.0,Tensão territorial,5.0,Sinal neural do ST-GAT: 85.7% | Fallback histórico ativado: 55.0% | Tensão territorial: 5.0%,"PARQUE IRACEMA aparece na posição 14 de 109, com risco 39.2 e nível moderado; é território de atenção tática.","O peso principal vem de sinal neural do st-gat, com suporte territorial de 5.0% e 0 registros recentes na janela de 30 dias.",Leitura mais fraca; parte do peso vem de fallback histórico e deve ser confirmada em campo.,"O território se diferencia do bloco intermediário, mas sem isolamento absoluto.","Verificar eventos recentes, pressão territorial e coerência com inteligência local antes da próxima atualização do ranking."
2026-05-23T17:19:30,2026-05-20,src/core/orchestrator.py:get_combined_risk,fortaleza_bairros_top30,15,CONJUNTO PALMEIRAS,CONJUNTO PALMEIRAS,fortaleza,bairro,36.9,moderado,64.4,baixa,77.1,alta,1,1,100.0,32.5,100.0,50.0,43.3,100.0,100.0,100.0,1.03,87.0,14,14,True,stable,Tensão territorial,100.0,Fallback histórico ativado,55.0,Atividade recente e vizinhança,50.0,Tensão territorial: 100.0% | Fallback histórico ativado: 55.0% | Atividade recente e vizinhança: 50.0%,"CONJUNTO PALMEIRAS aparece na posição 15 de 109, com risco 36.9 e nível moderado; é território de atenção tática.","O peso principal vem de tensão territorial, com suporte territorial de 100.0% e 1 registros recentes na janela de 30 dias.",Leitura mais fraca; parte do peso vem de fallback histórico e deve ser confirmada em campo.,"O território se diferencia do bloco intermediário, mas sem isolamento absoluto.","Verificar eventos recentes, pressão territorial e coerência com inteligência local antes da próxima atualização do ranking."
2026-05-23T17:19:30,2026-05-20,src/core/orchestrator.py:get_combined_risk,fortaleza_bairros_top30,16,ANCURI,ANCURI,fortaleza,bairro,35.99,moderado,60.7,baixa,76.3,alta,0,1,63.0,41.3,100.0,0.0,46.7,100.0,100.0,50.0,0.96,86.1,14,14,True,stable,Tensão territorial,100.0,Fallback histórico ativado,55.0,Sinal neural do ST-GAT,41.3,Tensão territorial: 100.0% | Fallback histórico ativado: 55.0% | Sinal neural do ST-GAT: 41.3%,"ANCURI aparece na posição 16 de 109, com risco 36.0 e nível moderado; é território de atenção tática.","O peso principal vem de tensão territorial, com suporte territorial de 100.0% e 1 registros recentes na janela de 30 dias.",Leitura mais fraca; parte do peso vem de fallback histórico e deve ser confirmada em campo.,"O território se diferencia do bloco intermediário, mas sem isolamento absoluto.","Verificar eventos recentes, pressão territorial e coerência com inteligência local antes da próxima atualização do ranking."
2026-05-23T17:19:30,2026-05-20,src/core/orchestrator.py:get_combined_risk,fortaleza_bairros_top30,17,PIRAMBU,PIRAMBU,fortaleza,bairro,35.7,moderado,55.7,baixa,75.7,alta,0,0,63.0,40.7,100.0,0.0,46.7,100.0,100.0,0.0,0.94,85.2,14,14,True,stable,Tensão territorial,100.0,Fallback histórico ativado,55.0,Sinal neural do ST-GAT,40.7,Tensão territorial: 100.0% | Fallback histórico ativado: 55.0% | Sinal neural do ST-GAT: 40.7%,"PIRAMBU aparece na posição 17 de 109, com risco 35.7 e nível moderado; é território de atenção tática.","O peso principal vem de tensão territorial, com suporte territorial de 100.0% e 0 registros recentes na janela de 30 dias.",Leitura mais fraca; parte do peso vem de fallback histórico e deve ser confirmada em campo.,"O território se diferencia do bloco intermediário, mas sem isolamento absoluto.","Verificar eventos recentes, pressão territorial e coerência com inteligência local antes da próxima atualização do ranking."
2026-05-23T17:19:30,2026-05-20,src/core/orchestrator.py:get_combined_risk,fortaleza_bairros_top30,18,GRANJA PORTUGAL,GRANJA PORTUGAL,fortaleza,bairro,34.04,moderado,55.6,baixa,74.6,alta,0,0,114.0,37.4,100.0,0.0,46.7,100.0,100.0,0.0,0.83,84.3,14,14,True,stable,Tensão territorial,100.0,Fallback histórico ativado,55.0,Sinal neural do ST-GAT,37.4,Tensão territorial: 100.0% | Fallback histórico ativado: 55.0% | Sinal neural do ST-GAT: 37.4%,"GRANJA PORTUGAL aparece na posição 18 de 109, com risco 34.0 e nível moderado; é território de atenção tática.","O peso principal vem de tensão territorial, com suporte territorial de 100.0% e 0 registros recentes na janela de 30 dias.",Leitura mais fraca; parte do peso vem de fallback histórico e deve ser confirmada em campo.,"O território se diferencia do bloco intermediário, mas sem isolamento absoluto.","Verificar eventos recentes, pressão territorial e coerência com inteligência local antes da próxima atualização do ranking."
2026-05-23T17:19:30,2026-05-20,src/core/orchestrator.py:get_combined_risk,fortaleza_bairros_top30,19,VICENTE PINZON,VICENTE PINZON,fortaleza,bairro,33.21,moderado,55.6,baixa,73.7,alta,0,0,114.0,35.8,100.0,0.0,46.7,100.0,100.0,0.0,0.77,83.3,14,14,True,stable,Tensão territorial,100.0,Fallback histórico ativado,55.0,Sinal neural do ST-GAT,35.8,Tensão territorial: 100.0% | Fallback histórico ativado: 55.0% | Sinal neural do ST-GAT: 35.8%,"VICENTE PINZON aparece na posição 19 de 109, com risco 33.2 e nível moderado; é território de atenção tática.","O peso principal vem de tensão territorial, com suporte territorial de 100.0% e 0 registros recentes na janela de 30 dias.",Leitura mais fraca; parte do peso vem de fallback histórico e deve ser confirmada em campo.,"O território se diferencia do bloco intermediário, mas sem isolamento absoluto.","Verificar eventos recentes, pressão territorial e coerência com inteligência local antes da próxima atualização do ranking."
2026-05-23T17:19:30,2026-05-20,src/core/orchestrator.py:get_combined_risk,fortaleza_bairros_top30,20,LAGOA REDONDA,LAGOA REDONDA,fortaleza,bairro,33.16,moderado,55.6,baixa,73.1,alta,0,0,115.0,35.7,100.0,0.0,46.7,100.0,100.0,0.0,0.77,82.4,14,14,True,stable,Tensão territorial,100.0,Fallback histórico ativado,55.0,Sinal neural do ST-GAT,35.7,Tensão territorial: 100.0% | Fallback histórico ativado: 55.0% | Sinal neural do ST-GAT: 35.7%,"LAGOA REDONDA aparece na posição 20 de 109, com risco 33.2 e nível moderado; é território de atenção tática.","O peso principal vem de tensão territorial, com suporte territorial de 100.0% e 0 registros recentes na janela de 30 dias.",Leitura mais fraca; parte do peso vem de fallback histórico e deve ser confirmada em campo.,"O território se diferencia do bloco intermediário, mas sem isolamento absoluto.","Verificar eventos recentes, pressão territorial e coerência com inteligência local antes da próxima atualização do ranking."
2026-05-23T17:19:30,2026-05-20,src/core/orchestrator.py:get_combined_risk,fortaleza_bairros_top30,21,ANTONIO BEZERRA,ANTONIO BEZERRA,fortaleza,bairro,32.99,moderado,55.6,baixa,72.5,alta,0,0,86.0,35.3,100.0,0.0,46.7,100.0,100.0,0.0,0.76,81.5,14,14,True,stable,Tensão territorial,100.0,Fallback histórico ativado,55.0,Sinal neural do ST-GAT,35.3,Tensão territorial: 100.0% | Fallback histórico ativado: 55.0% | Sinal neural do ST-GAT: 35.3%,"ANTONIO BEZERRA aparece na posição 21 de 109, com risco 33.0 e nível moderado; é território de atenção tática.","O peso principal vem de tensão territorial, com suporte territorial de 100.0% e 0 registros recentes na janela de 30 dias.",Leitura mais fraca; parte do peso vem de fallback histórico e deve ser confirmada em campo.,"O território se diferencia do bloco intermediário, mas sem isolamento absoluto.","Verificar eventos recentes, pressão territorial e coerência com inteligência local antes da próxima atualização do ranking."
2026-05-23T17:19:30,2026-05-20,src/core/orchestrator.py:get_combined_risk,fortaleza_bairros_top30,22,MANOEL SATIRO,MANOEL SATIRO,fortaleza,bairro,32.83,moderado,55.6,baixa,71.9,alta,0,0,86.0,35.0,100.0,0.0,46.7,100.0,100.0,0.0,0.75,80.6,14,14,True,stable,Tensão territorial,100.0,Fallback histórico ativado,55.0,Sinal neural do ST-GAT,35.0,Tensão territorial: 100.0% | Fallback histórico ativado: 55.0% | Sinal neural do ST-GAT: 35.0%,"MANOEL SATIRO aparece na posição 22 de 109, com risco 32.8 e nível moderado; é território de atenção tática.","O peso principal vem de tensão territorial, com suporte territorial de 100.0% e 0 registros recentes na janela de 30 dias.",Leitura mais fraca; parte do peso vem de fallback histórico e deve ser confirmada em campo.,"O território se diferencia do bloco intermediário, mas sem isolamento absoluto.","Verificar eventos recentes, pressão territorial e coerência com inteligência local antes da próxima atualização do ranking."
2026-05-23T17:19:30,2026-05-20,src/core/orchestrator.py:get_combined_risk,fortaleza_bairros_top30,23,BOM JARDIM,BOM JARDIM,fortaleza,bairro,32.19,moderado,55.5,baixa,71.1,alta,0,0,104.0,33.7,100.0,0.0,46.7,100.0,100.0,0.0,0.7,79.6,14,14,True,stable,Tensão territorial,100.0,Fallback histórico ativado,55.0,Sinal neural do ST-GAT,33.7,Tensão territorial: 100.0% | Fallback histórico ativado: 55.0% | Sinal neural do ST-GAT: 33.7%,"BOM JARDIM aparece na posição 23 de 109, com risco 32.2 e nível moderado; é território de atenção tática.","O peso principal vem de tensão territorial, com suporte territorial de 100.0% e 0 registros recentes na janela de 30 dias.",Leitura mais fraca; parte do peso vem de fallback histórico e deve ser confirmada em campo.,"O território se diferencia do bloco intermediário, mas sem isolamento absoluto.","Verificar eventos recentes, pressão territorial e coerência com inteligência local antes da próxima atualização do ranking."
2026-05-23T17:19:30,2026-05-20,src/core/orchestrator.py:get_combined_risk,fortaleza_bairros_top30,24,VILA VELHA,VILA VELHA,fortaleza,bairro,31.56,moderado,55.5,baixa,70.4,alta,0,0,87.0,32.4,100.0,0.0,46.7,100.0,100.0,0.0,0.66,78.7,14,14,True,stable,Tensão territorial,100.0,Fallback histórico ativado,55.0,Sinal neural do ST-GAT,32.4,Tensão territorial: 100.0% | Fallback histórico ativado: 55.0% | Sinal neural do ST-GAT: 32.4%,"VILA VELHA aparece na posição 24 de 109, com risco 31.6 e nível moderado; é território de atenção tática.","O peso principal vem de tensão territorial, com suporte territorial de 100.0% e 0 registros recentes na janela de 30 dias.",Leitura mais fraca; parte do peso vem de fallback histórico e deve ser confirmada em campo.,"O território se diferencia do bloco intermediário, mas sem isolamento absoluto.","Verificar eventos recentes, pressão territorial e coerência com inteligência local antes da próxima atualização do ranking."
2026-05-23T17:19:30,2026-05-20,src/core/orchestrator.py:get_combined_risk,fortaleza_bairros_top30,25,JARDIM DAS OLIVEIRAS,JARDIM DAS OLIVEIRAS,fortaleza,bairro,30.72,baixo,55.5,baixa,69.6,moderada,0,0,100.0,30.8,100.0,0.0,46.7,100.0,100.0,0.0,0.6,77.8,14,14,True,stable,Tensão territorial,100.0,Fallback histórico ativado,55.0,Sinal neural do ST-GAT,30.8,Tensão territorial: 100.0% | Fallback histórico ativado: 55.0% | Sinal neural do ST-GAT: 30.8%,"JARDIM DAS OLIVEIRAS aparece na posição 25 de 109, com risco 30.7 e nível baixo; é território de atenção tática.","O peso principal vem de tensão territorial, com suporte territorial de 100.0% e 0 registros recentes na janela de 30 dias.",Leitura mais fraca; parte do peso vem de fallback histórico e deve ser confirmada em campo.,O território está próximo de pares vizinhos e pode oscilar no próximo ciclo.,"Verificar eventos recentes, pressão territorial e coerência com inteligência local antes da próxima atualização do ranking."
2026-05-23T17:19:30,2026-05-20,src/core/orchestrator.py:get_combined_risk,fortaleza_bairros_top30,26,PICI,PICI,fortaleza,bairro,30.31,baixo,55.4,baixa,68.9,moderada,0,0,108.0,30.0,100.0,0.0,46.7,100.0,100.0,0.0,0.57,76.9,14,14,True,stable,Tensão territorial,100.0,Fallback histórico ativado,55.0,Sinal neural do ST-GAT,30.0,Tensão territorial: 100.0% | Fallback histórico ativado: 55.0% | Sinal neural do ST-GAT: 30.0%,"PICI aparece na posição 26 de 109, com risco 30.3 e nível baixo; é território de atenção tática.","O peso principal vem de tensão territorial, com suporte territorial de 100.0% e 0 registros recentes na janela de 30 dias.",Leitura mais fraca; parte do peso vem de fallback histórico e deve ser confirmada em campo.,O território está próximo de pares vizinhos e pode oscilar no próximo ciclo.,"Verificar eventos recentes, pressão territorial e coerência com inteligência local antes da próxima atualização do ranking."
2026-05-23T17:19:30,2026-05-20,src/core/orchestrator.py:get_combined_risk,fortaleza_bairros_top30,27,JACARECANGA,JACARECANGA,fortaleza,bairro,29.98,baixo,55.4,baixa,68.2,moderada,0,0,61.0,29.3,100.0,0.0,46.7,100.0,100.0,0.0,0.55,75.9,14,14,True,stable,Tensão territorial,100.0,Fallback histórico ativado,55.0,Sinal neural do ST-GAT,29.3,Tensão territorial: 100.0% | Fallback histórico ativado: 55.0% | Sinal neural do ST-GAT: 29.3%,"JACARECANGA aparece na posição 27 de 109, com risco 30.0 e nível baixo; é território de atenção tática.","O peso principal vem de tensão territorial, com suporte territorial de 100.0% e 0 registros recentes na janela de 30 dias.",Leitura mais fraca; parte do peso vem de fallback histórico e deve ser confirmada em campo.,O território está próximo de pares vizinhos e pode oscilar no próximo ciclo.,"Verificar eventos recentes, pressão territorial e coerência com inteligência local antes da próxima atualização do ranking."
2026-05-23T17:19:30,2026-05-20,src/core/orchestrator.py:get_combined_risk,fortaleza_bairros_top30,28,CARLITO PAMPLONA,CARLITO PAMPLONA,fortaleza,bairro,29.74,baixo,55.4,baixa,67.6,moderada,0,0,96.0,28.8,100.0,0.0,46.7,100.0,100.0,0.0,0.53,75.0,14,14,True,stable,Tensão territorial,100.0,Fallback histórico ativado,55.0,Sinal neural do ST-GAT,28.8,Tensão territorial: 100.0% | Fallback histórico ativado: 55.0% | Sinal neural do ST-GAT: 28.8%,"CARLITO PAMPLONA aparece na posição 28 de 109, com risco 29.7 e nível baixo; é território de atenção tática.","O peso principal vem de tensão territorial, com suporte territorial de 100.0% e 0 registros recentes na janela de 30 dias.",Leitura mais fraca; parte do peso vem de fallback histórico e deve ser confirmada em campo.,O território está próximo de pares vizinhos e pode oscilar no próximo ciclo.,"Verificar eventos recentes, pressão territorial e coerência com inteligência local antes da próxima atualização do ranking."
2026-05-23T17:19:30,2026-05-20,src/core/orchestrator.py:get_combined_risk,fortaleza_bairros_top30,29,BONSUCESSO,BONSUCESSO,fortaleza,bairro,29.52,baixo,55.4,baixa,66.9,moderada,0,0,93.0,28.4,100.0,0.0,46.7,100.0,100.0,0.0,0.52,74.1,14,14,True,stable,Tensão territorial,100.0,Fallback histórico ativado,55.0,Sinal neural do ST-GAT,28.4,Tensão territorial: 100.0% | Fallback histórico ativado: 55.0% | Sinal neural do ST-GAT: 28.4%,"BONSUCESSO aparece na posição 29 de 109, com risco 29.5 e nível baixo; é território de atenção tática.","O peso principal vem de tensão territorial, com suporte territorial de 100.0% e 0 registros recentes na janela de 30 dias.",Leitura mais fraca; parte do peso vem de fallback histórico e deve ser confirmada em campo.,O território está próximo de pares vizinhos e pode oscilar no próximo ciclo.,"Verificar eventos recentes, pressão territorial e coerência com inteligência local antes da próxima atualização do ranking."
2026-05-23T17:19:30,2026-05-20,src/core/orchestrator.py:get_combined_risk,fortaleza_bairros_top30,30,GENIBAU,GENIBAU,fortaleza,bairro,28.89,baixo,50.0,muito baixa,66.1,moderada,0,0,54.0,33.1,85.0,0.0,46.7,85.0,85.0,0.0,0.47,73.1,14,14,True,stable,Tensão territorial,85.0,Fallback histórico ativado,55.0,Sinal neural do ST-GAT,33.1,Tensão territorial: 85.0% | Fallback histórico ativado: 55.0% | Sinal neural do ST-GAT: 33.1%,"GENIBAU aparece na posição 30 de 109, com risco 28.9 e nível baixo; é território de atenção tática.","O peso principal vem de tensão territorial, com suporte territorial de 85.0% e 0 registros recentes na janela de 30 dias.",Leitura mais fraca; parte do peso vem de fallback histórico e deve ser confirmada em campo.,O território está próximo de pares vizinhos e pode oscilar no próximo ciclo.,"Verificar eventos recentes, pressão territorial e coerência com inteligência local antes da próxima atualização do ranking."
